1 49
2 51
3 64
4 12
5 36
6 90
7 26
8 55
9 98
10 37
11 80
12 18
13 56
14 68
15 7
16 60
17 41
18 70
19 85
20 24
21 61
22 21
23 23
24 75
25 40
26 95
27 13
28 63
29 96
30 1
31 59
32 58
33 79
34 34
35 69
36 53
37 39
38 14
39 15
40 94
41 46
42 11
43 48
44 67
45 9
46 19
47 93
48 33
49 74
50 76
51 77
52 45
53 52
54 84
55 89
56 97
57 30
58 44
59 72
60 42
61 92
62 91
63 3
64 73
65 86
66 8
67 71
68 4
69 47
70 87
71 22
72 16
73 6
74 38
75 32
76 83
77 43
78 65
79 81
80 31
81 99
82 28
83 25
84 2
85 62
86 100
87 5
88 82
89 88
90 20
91 17
92 10
93 35
94 29
95 27
96 66
97 54
98 50
99 57
100 78
