1 95
2 597
3 632
4 497
5 656
6 221
7 410
8 384
9 985
10 432
11 968
12 318
13 943
14 714
15 549
16 917
17 637
18 229
19 638
20 430
21 321
22 146
23 2
24 782
25 924
26 827
27 697
28 29
29 38
30 962
31 879
32 901
33 812
34 196
35 374
36 202
37 154
38 765
39 442
40 806
41 368
42 274
43 616
44 929
45 335
46 314
47 212
48 687
49 944
50 296
51 992
52 946
53 970
54 5
55 513
56 450
57 702
58 621
59 865
60 524
61 576
62 528
63 426
64 530
65 234
66 238
67 467
68 47
69 283
70 149
71 309
72 364
73 682
74 580
75 892
76 186
77 666
78 519
79 439
80 79
81 363
82 398
83 804
84 452
85 584
86 596
87 106
88 24
89 980
90 97
91 544
92 614
93 662
94 328
95 190
96 249
97 41
98 325
99 292
100 998
101 372
102 33
103 8
104 835
105 90
106 660
107 535
108 26
109 488
110 14
111 671
112 334
113 808
114 244
115 203
116 260
117 927
118 258
119 533
120 771
121 696
122 828
123 54
124 849
125 73
126 228
127 94
128 605
129 23
130 316
131 50
132 465
133 9
134 539
135 711
136 750
137 60
138 850
139 290
140 757
141 357
142 676
143 307
144 963
145 169
146 811
147 440
148 259
149 427
150 573
151 969
152 890
153 545
154 394
155 59
156 330
157 932
158 546
159 966
160 955
161 877
162 447
163 935
164 219
165 912
166 460
167 16
168 620
169 600
170 640
171 742
172 489
173 360
174 517
175 668
176 909
177 921
178 602
179 756
180 128
181 730
182 237
183 206
184 630
185 466
186 556
187 253
188 225
189 763
190 417
191 100
192 27
193 326
194 61
195 833
196 767
197 940
198 706
199 683
200 793
201 433
202 119
203 443
204 572
205 598
206 653
207 235
208 971
209 4
210 923
211 25
212 184
213 717
214 601
215 868
216 987
217 362
218 852
219 772
220 298
221 953
222 43
223 644
224 902
225 886
226 747
227 689
228 727
229 588
230 891
231 908
232 836
233 39
234 299
235 351
236 392
237 813
238 847
239 881
240 898
241 647
242 875
243 920
244 914
245 631
246 74
247 471
248 752
249 160
250 376
251 612
252 652
253 710
254 880
255 803
256 293
257 346
258 798
259 242
260 996
261 145
262 289
263 853
264 906
265 563
266 267
267 641
268 628
269 389
270 931
271 582
272 197
273 177
274 416
275 764
276 305
277 606
278 88
279 817
280 500
281 564
282 838
283 867
284 209
285 365
286 941
287 484
288 707
289 896
290 851
291 690
292 148
293 958
294 164
295 843
296 170
297 10
298 911
299 355
300 262
301 271
302 651
303 586
304 185
305 735
306 233
307 904
308 754
309 403
310 125
311 726
312 187
313 831
314 945
315 420
316 92
317 404
318 239
319 755
320 575
321 6
322 342
323 745
324 104
325 587
326 472
327 753
328 485
329 554
330 721
331 62
332 278
333 279
334 537
335 870
336 171
337 815
338 341
339 285
340 116
341 678
342 268
343 208
344 801
345 182
346 132
347 677
348 434
349 312
350 949
351 303
352 53
353 30
354 648
355 215
356 536
357 15
358 608
359 297
360 11
361 329
362 505
363 883
364 275
365 845
366 413
367 7
368 922
369 926
370 622
371 837
372 506
373 311
374 352
375 784
376 672
377 453
378 336
379 796
380 512
381 64
382 277
383 719
384 114
385 204
386 939
387 681
388 705
389 431
390 44
391 795
392 611
393 984
394 633
395 142
396 367
397 552
398 378
399 387
400 627
401 147
402 359
403 708
404 543
405 734
406 161
407 76
408 266
409 991
410 799
411 686
412 863
413 783
414 93
415 540
416 109
417 937
418 412
419 709
420 661
421 515
422 135
423 701
424 842
425 688
426 77
427 531
428 482
429 67
430 338
431 120
432 692
433 635
434 854
435 532
436 409
437 646
438 137
439 818
440 495
441 245
442 936
443 645
444 761
445 373
446 675
447 594
448 423
449 385
450 227
451 876
452 257
453 724
454 859
455 626
456 366
457 910
458 619
459 66
460 158
461 17
462 375
463 986
464 272
465 454
466 138
467 45
468 680
469 995
470 667
471 157
472 669
473 218
474 168
475 997
476 695
477 810
478 486
479 470
480 310
481 502
482 463
483 339
484 451
485 740
486 55
487 975
488 418
489 78
490 80
491 823
492 604
493 476
494 861
495 143
496 595
497 570
498 664
499 693
500 758
501 749
502 832
503 855
504 864
505 112
506 699
507 961
508 959
509 475
510 226
511 349
512 673
513 547
514 770
515 107
516 700
517 428
518 13
519 704
520 821
521 425
522 776
523 458
524 337
525 1000
526 504
527 900
528 888
529 415
530 388
531 340
532 327
533 762
534 83
535 343
536 607
537 613
538 282
539 826
540 884
541 785
542 231
543 499
544 663
545 899
546 872
547 942
548 925
549 382
550 951
551 787
552 361
553 69
554 189
555 874
556 802
557 254
558 42
559 457
560 807
561 592
562 313
563 273
564 895
565 967
566 408
567 199
568 617
569 406
570 712
571 48
572 659
573 110
574 789
575 261
576 748
577 514
578 323
579 507
580 913
581 930
582 972
583 304
584 722
585 70
586 468
587 354
588 99
589 176
590 791
591 480
592 844
593 250
594 964
595 162
596 560
597 820
598 777
599 562
600 130
601 790
602 938
603 723
604 474
605 353
606 113
607 736
608 856
609 348
610 670
611 948
612 121
613 498
614 950
615 473
616 178
617 455
618 344
619 390
620 391
621 481
622 496
623 117
624 214
625 493
626 71
627 526
628 960
629 897
630 871
631 37
632 150
633 131
634 379
635 350
636 87
637 599
638 483
639 371
640 284
641 332
642 140
643 800
644 291
645 98
646 461
647 603
648 246
649 65
650 825
651 650
652 916
653 22
654 377
655 642
656 220
657 857
658 503
659 759
660 494
661 49
662 115
663 557
664 462
665 422
666 579
667 729
668 516
669 319
670 407
671 248
672 834
673 288
674 819
675 566
676 878
677 775
678 68
679 956
680 183
681 255
682 743
683 725
684 51
685 35
686 396
687 733
688 181
689 487
690 615
691 400
692 551
693 3
694 224
695 124
696 738
697 111
698 737
699 521
700 569
701 141
702 31
703 133
704 381
705 550
706 788
707 179
708 522
709 957
710 716
711 211
712 421
713 658
714 509
715 210
716 983
717 720
718 317
719 905
720 525
721 175
722 286
723 28
724 56
725 840
726 449
727 281
728 814
729 165
730 691
731 136
732 446
733 674
734 989
735 441
736 816
737 75
738 618
739 180
740 401
741 172
742 151
743 739
744 903
745 589
746 829
747 36
748 188
749 251
750 786
751 402
752 774
753 1
754 386
755 129
756 751
757 397
758 728
759 46
760 982
761 894
762 571
763 492
764 32
765 869
766 578
767 541
768 718
769 866
770 574
771 315
772 105
773 436
774 103
775 703
776 973
777 333
778 57
779 435
780 768
781 773
782 846
783 445
784 118
785 657
786 685
787 585
788 520
789 822
790 565
791 347
792 558
793 156
794 760
795 437
796 862
797 981
798 236
799 123
800 511
801 448
802 20
803 510
804 907
805 269
806 893
807 308
808 990
809 383
810 501
811 34
812 858
813 108
814 213
815 839
816 230
817 139
818 166
819 610
820 320
821 698
822 444
823 207
824 102
825 459
826 81
827 52
828 85
829 300
830 974
831 593
832 684
833 195
834 222
835 167
836 217
837 555
838 518
839 201
840 561
841 732
842 21
843 665
844 769
845 369
846 534
847 794
848 568
849 490
850 232
851 919
852 223
853 264
854 358
855 256
856 464
857 978
858 809
859 781
860 247
861 91
862 654
863 419
864 58
865 193
866 144
867 280
868 324
869 243
870 306
871 152
872 918
873 591
874 979
875 19
876 205
877 746
878 542
879 999
880 933
881 40
882 331
883 122
884 797
885 915
886 830
887 559
888 976
889 72
890 263
891 126
892 163
893 479
894 679
895 848
896 294
897 438
898 538
899 380
900 988
901 287
902 252
903 590
904 301
905 96
906 841
907 84
908 159
909 491
910 965
911 567
912 200
913 824
914 873
915 643
916 993
917 715
918 240
919 411
920 860
921 548
922 469
923 609
924 101
925 174
926 191
927 934
928 624
929 744
930 89
931 577
932 779
933 882
934 778
935 741
936 625
937 345
938 216
939 63
940 399
941 86
942 634
943 694
944 414
945 429
946 322
947 887
948 424
949 792
950 405
951 82
952 18
953 805
954 270
955 649
956 155
957 194
958 655
959 954
960 192
961 393
962 478
963 780
964 952
965 928
966 370
967 265
968 623
969 276
970 581
971 241
972 508
973 153
974 395
975 639
976 885
977 134
978 994
979 977
980 713
981 766
982 583
983 947
984 731
985 527
986 636
987 523
988 477
989 456
990 198
991 529
992 302
993 553
994 629
995 173
996 356
997 12
998 889
999 127
1000 295
