1 22
2 237
3 235
4 97
5 163
6 191
7 212
8 89
9 32
10 216
11 179
12 39
13 241
14 215
15 107
16 84
17 111
18 42
19 222
20 48
21 219
22 144
23 13
24 143
25 170
26 83
27 196
28 217
29 158
30 155
31 68
32 244
33 199
34 86
35 94
36 37
37 141
38 88
39 101
40 70
41 62
42 15
43 1
44 98
45 21
46 35
47 85
48 102
49 44
50 145
51 213
52 12
53 47
54 131
55 173
56 185
57 198
58 57
59 126
60 221
61 59
62 225
63 209
64 119
65 90
66 9
67 187
68 28
69 130
70 197
71 195
72 61
73 20
74 105
75 139
76 200
77 81
78 17
79 63
80 160
81 115
82 238
83 109
84 66
85 226
86 248
87 161
88 75
89 181
90 73
91 206
92 31
93 140
94 76
95 242
96 26
97 65
98 92
99 152
100 164
101 184
102 72
103 137
104 205
105 38
106 136
107 127
108 30
109 229
110 36
111 233
112 156
113 230
114 104
115 51
116 220
117 214
118 25
119 18
120 183
121 239
122 19
123 148
124 176
125 77
126 172
127 67
128 240
129 103
130 8
131 40
132 227
133 250
134 169
135 78
136 80
137 114
138 24
139 192
140 3
141 223
142 232
143 64
144 121
145 99
146 46
147 150
148 180
149 236
150 174
151 186
152 249
153 182
154 210
155 234
156 243
157 4
158 71
159 149
160 56
161 29
162 231
163 134
164 120
165 190
166 106
167 146
168 211
169 54
170 93
171 55
172 43
173 122
174 135
175 50
176 245
177 60
178 151
179 247
180 194
181 157
182 113
183 147
184 128
185 117
186 10
187 6
188 2
189 154
190 95
191 201
192 53
193 165
194 5
195 108
196 91
197 116
198 11
199 193
200 153
201 123
202 177
203 58
204 52
205 79
206 118
207 7
208 159
209 49
210 218
211 246
212 188
213 16
214 27
215 69
216 175
217 168
218 124
219 74
220 138
221 34
222 167
223 207
224 203
225 228
226 178
227 166
228 189
229 112
230 171
231 132
232 45
233 41
234 23
235 202
236 87
237 82
238 14
239 33
240 162
241 100
242 129
243 110
244 208
245 224
246 142
247 125
248 204
249 96
250 133
