1 2478
2 1505
3 1412
4 2072
5 588
6 2071
7 1821
8 502
9 2310
10 984
11 135
12 249
13 2448
14 2062
15 2405
16 187
17 685
18 2444
19 1046
20 14
21 2327
22 1033
23 333
24 1573
25 160
26 567
27 1554
28 498
29 1344
30 56
31 197
32 1177
33 745
34 2024
35 1382
36 903
37 1225
38 112
39 1846
40 1858
41 1397
42 837
43 2006
44 1486
45 441
46 1101
47 2492
48 1522
49 325
50 2366
51 2378
52 1353
53 773
54 2367
55 2189
56 1048
57 759
58 1409
59 1576
60 2021
61 69
62 1654
63 96
64 2161
65 648
66 495
67 1952
68 816
69 1540
70 1314
71 1036
72 926
73 1123
74 292
75 1042
76 2317
77 393
78 1374
79 2207
80 2267
81 110
82 2329
83 1118
84 860
85 1218
86 2458
87 2031
88 2094
89 1568
90 1252
91 2193
92 1495
93 2243
94 1234
95 472
96 368
97 623
98 443
99 810
100 978
101 550
102 1783
103 1384
104 582
105 1864
106 594
107 1606
108 892
109 538
110 1937
111 1236
112 174
113 1996
114 1414
115 2433
116 1291
117 1686
118 12
119 752
120 1221
121 580
122 683
123 1276
124 1481
125 1862
126 1718
127 517
128 1109
129 1835
130 1411
131 1561
132 1626
133 1737
134 1545
135 822
136 218
137 434
138 2287
139 1776
140 1527
141 1194
142 363
143 1139
144 196
145 183
146 341
147 1705
148 573
149 1975
150 366
151 1519
152 34
153 2305
154 1294
155 2257
156 631
157 1230
158 749
159 2023
160 612
161 1962
162 825
163 1570
164 1487
165 380
166 2054
167 1463
168 1741
169 973
170 212
171 694
172 1532
173 1515
174 2046
175 377
176 819
177 113
178 2143
179 731
180 1984
181 2442
182 337
183 902
184 1321
185 349
186 2412
187 660
188 2105
189 309
190 957
191 1003
192 559
193 1073
194 59
195 2318
196 1789
197 2033
198 1172
199 137
200 1466
201 108
202 148
203 2272
204 2324
205 1885
206 2065
207 905
208 2487
209 782
210 701
211 240
212 2063
213 1602
214 1119
215 1893
216 456
217 833
218 1910
219 2361
220 387
221 2217
222 126
223 827
224 1552
225 1813
226 2348
227 290
228 1163
229 792
230 972
231 1098
232 1590
233 2128
234 492
235 1989
236 1018
237 1593
238 157
239 1624
240 2188
241 1919
242 1015
243 1182
244 2209
245 1983
246 563
247 1769
248 1076
249 1448
250 780
251 961
252 1387
253 2234
254 1235
255 1585
256 254
257 2204
258 1851
259 477
260 803
261 298
262 307
263 1210
264 1307
265 1473
266 490
267 22
268 2028
269 2325
270 1589
271 1068
272 2274
273 1695
274 851
275 446
276 1343
277 1897
278 175
279 1413
280 46
281 1496
282 2264
283 2158
284 2387
285 389
286 2115
287 603
288 224
289 1797
290 1028
291 1074
292 1331
293 2253
294 1097
295 1581
296 259
297 1248
298 2140
299 1187
300 413
301 674
302 78
303 2039
304 921
305 814
306 1472
307 802
308 946
309 1828
310 676
311 2410
312 647
313 119
314 1501
315 1739
316 617
317 2319
318 414
319 794
320 381
321 1692
322 114
323 2371
324 1673
325 1330
326 268
327 16
328 2362
329 225
330 1493
331 2321
332 72
333 1079
334 1740
335 2066
336 1050
337 2341
338 433
339 723
340 2376
341 2150
342 2265
343 528
344 1547
345 81
346 1164
347 1005
348 1970
349 975
350 2182
351 806
352 554
353 805
354 1720
355 1640
356 1534
357 1929
358 340
359 1569
360 1859
361 1041
362 791
363 894
364 846
365 395
366 2344
367 1625
368 2145
369 1238
370 1309
371 1944
372 2437
373 856
374 1146
375 673
376 360
377 2300
378 2069
379 1086
380 17
381 1659
382 2497
383 362
384 1293
385 1790
386 974
387 1197
388 2296
389 1827
390 1423
391 1631
392 1352
393 923
394 1725
395 339
396 738
397 1992
398 1261
399 2466
400 1746
401 60
402 2045
403 1490
404 969
405 1690
406 649
407 986
408 681
409 144
410 470
411 2070
412 1652
413 2090
414 6
415 2178
416 1639
417 1329
418 1976
419 2488
420 1870
421 80
422 2180
423 632
424 2086
425 1044
426 1648
427 639
428 1608
429 2282
430 1814
431 1191
432 140
433 761
434 514
435 691
436 103
437 338
438 1431
439 24
440 754
441 1917
442 858
443 1435
444 741
445 128
446 1106
447 581
448 1083
449 500
450 2221
451 1521
452 2326
453 728
454 1988
455 2224
456 2010
457 2009
458 1803
459 423
460 331
461 2074
462 1064
463 848
464 1426
465 746
466 1889
467 505
468 1439
469 1896
470 2149
471 768
472 1298
473 1153
474 1947
475 589
476 1375
477 1242
478 557
479 1825
480 2399
481 678
482 25
483 2125
484 403
485 2240
486 836
487 688
488 1001
489 1499
490 2026
491 611
492 787
493 1524
494 2284
495 1289
496 1980
497 1756
498 95
499 1605
500 916
501 763
502 788
503 795
504 318
505 246
506 1222
507 1356
508 1262
509 621
510 2195
511 2199
512 2470
513 1259
514 1253
515 51
516 2281
517 1272
518 354
519 2162
520 2426
521 2220
522 624
523 374
524 626
525 1319
526 543
527 1386
528 322
529 2247
530 1000
531 509
532 566
533 2293
534 2494
535 1115
536 1150
537 1452
538 93
539 173
540 1743
541 1804
542 1936
543 1346
544 1806
545 2456
546 2285
547 1429
548 835
549 895
550 963
551 214
552 2255
553 1504
554 2464
555 2495
556 940
557 1328
558 2016
559 308
560 1209
561 1873
562 959
563 2308
564 2279
565 1133
566 184
567 1348
568 592
569 120
570 2100
571 284
572 977
573 854
574 352
575 1301
576 429
577 1909
578 1546
579 421
580 375
581 1138
582 1092
583 2179
584 1104
585 1355
586 1622
587 200
588 379
589 1159
590 1226
591 2435
592 1085
593 302
594 1637
595 468
596 327
597 962
598 1844
599 13
600 2357
601 438
602 195
603 1388
604 1093
605 118
606 2017
607 1861
608 1254
609 1398
610 1066
611 1389
612 999
613 965
614 991
615 151
616 869
617 47
618 703
619 186
620 141
621 1280
622 785
623 232
624 2424
625 1335
626 1002
627 1847
628 717
629 798
630 1677
631 1869
632 1904
633 1843
634 1113
635 447
636 1200
637 1051
638 2036
639 2051
640 1762
641 474
642 2439
643 2052
644 258
645 1863
646 2368
647 2401
648 1306
649 2413
650 1249
651 666
652 355
653 1871
654 556
655 881
656 1360
657 2073
658 385
659 530
660 2187
661 2455
662 698
663 967
664 874
665 323
666 2328
667 281
668 1990
669 778
670 396
671 1141
672 515
673 88
674 74
675 1650
676 1393
677 956
678 1555
679 1792
680 558
681 1336
682 97
683 523
684 516
685 1131
686 1978
687 1444
688 659
689 1165
690 243
691 1308
692 2122
693 992
694 1669
695 1180
696 2138
697 714
698 1960
699 684
700 2292
701 1574
702 1857
703 228
704 2485
705 1137
706 1523
707 1981
708 1758
709 154
710 781
711 1913
712 1035
713 1190
714 1542
715 901
716 1174
717 2118
718 1698
719 1023
720 2340
721 1142
722 725
723 50
724 1724
725 882
726 1237
727 2186
728 428
729 239
730 832
731 597
732 1787
733 1117
734 1214
735 811
736 2030
737 480
738 412
739 1430
740 2093
741 2228
742 675
743 236
744 1341
745 1361
746 481
747 1604
748 908
749 2261
750 2208
751 2165
752 1732
753 889
754 1848
755 2172
756 532
757 576
758 1535
759 1729
760 445
761 210
762 1905
763 2043
764 2101
765 2042
766 30
767 2155
768 2060
769 927
770 2076
771 807
772 1007
773 2116
774 646
775 1060
776 917
777 2233
778 2053
779 654
780 1932
781 1305
782 2050
783 1207
784 1671
785 2334
786 2081
787 1129
788 312
789 1655
790 1595
791 1381
792 2380
793 1918
794 2434
795 272
796 1966
797 2020
798 1986
799 1597
800 2034
801 2402
802 734
803 1607
804 1022
805 1468
806 1890
807 1653
808 1752
809 637
810 751
811 1941
812 1856
813 1376
814 981
815 358
816 1185
817 570
818 1517
819 1601
820 2231
821 1286
822 1458
823 1132
824 1223
825 463
826 650
827 1946
828 607
829 935
830 133
831 2498
832 2374
833 2132
834 1630
835 478
836 730
837 1530
838 672
839 2048
840 1173
841 875
842 2142
843 909
844 1056
845 419
846 2196
847 2160
848 512
849 1811
850 87
851 644
852 1539
853 1682
854 283
855 1326
856 1038
857 1483
858 2123
859 1596
860 625
861 1586
862 2379
863 1687
864 1611
865 1436
866 796
867 1170
868 1734
869 442
870 1231
871 86
872 630
873 996
874 613
875 1928
876 1716
877 2049
878 724
879 2184
880 237
881 1971
882 2194
883 1898
884 299
885 918
886 392
887 955
888 2370
889 2463
890 315
891 1215
892 2457
893 2500
894 23
895 1402
896 1108
897 1147
898 2299
899 942
900 215
901 1735
902 1880
903 390
904 439
905 150
906 1075
907 1354
908 1175
909 1334
910 1674
911 2095
912 1713
913 248
914 39
915 58
916 1678
917 2377
918 1339
919 635
920 8
921 2403
922 458
923 28
924 1583
925 938
926 1565
927 336
928 2359
929 747
930 1014
931 1723
932 859
933 1451
934 1513
935 732
936 1665
937 700
938 2416
939 541
940 227
941 1034
942 1135
943 767
944 783
945 2
946 1956
947 2117
948 1006
949 63
950 1635
951 234
952 2422
953 2236
954 2198
955 2099
956 692
957 847
958 2035
959 2235
960 2061
961 1672
962 1900
963 2181
964 634
965 2004
966 988
967 448
968 2227
969 2290
970 1560
971 1471
972 876
973 2147
974 2176
975 2406
976 2249
977 735
978 182
979 1055
980 1727
981 149
982 1680
983 880
984 1818
985 1494
986 925
987 43
988 1480
989 711
990 766
991 1201
992 2080
993 278
994 1417
995 1489
996 1461
997 618
998 216
999 890
1000 432
1001 719
1002 2135
1003 319
1004 920
1005 1809
1006 1541
1007 1082
1008 1247
1009 2202
1010 409
1011 117
1012 2260
1013 800
1014 2104
1015 346
1016 1288
1017 1538
1018 1404
1019 2467
1020 1708
1021 718
1022 2153
1023 506
1024 755
1025 134
1026 357
1027 1566
1028 753
1029 1211
1030 1819
1031 437
1032 1059
1033 1967
1034 10
1035 1245
1036 1812
1037 2369
1038 1874
1039 578
1040 2215
1041 2131
1042 2008
1043 132
1044 784
1045 1442
1046 482
1047 269
1048 1243
1049 549
1050 82
1051 2400
1052 1095
1053 399
1054 2438
1055 101
1056 138
1057 426
1058 2273
1059 758
1060 2133
1061 1710
1062 686
1063 2169
1064 934
1065 1938
1066 1824
1067 1742
1068 1676
1069 461
1070 1866
1071 891
1072 1178
1073 142
1074 1536
1075 1641
1076 40
1077 457
1078 1791
1079 342
1080 2462
1081 2092
1082 155
1083 842
1084 2018
1085 226
1086 99
1087 1072
1088 789
1089 1700
1090 1609
1091 1502
1092 2425
1093 2159
1094 727
1095 153
1096 2014
1097 1822
1098 1303
1099 677
1100 682
1101 169
1102 2068
1103 1316
1104 750
1105 1156
1106 1475
1107 189
1108 253
1109 1840
1110 2431
1111 1993
1112 2251
1113 235
1114 2476
1115 2443
1116 1456
1117 1244
1118 808
1119 276
1120 1440
1121 1911
1122 1610
1123 571
1124 2390
1125 1121
1126 306
1127 1401
1128 1161
1129 476
1130 191
1131 652
1132 2303
1133 765
1134 722
1135 928
1136 1548
1137 900
1138 1872
1139 1450
1140 638
1141 1860
1142 222
1143 320
1144 2108
1145 1786
1146 2088
1147 1703
1148 2419
1149 1634
1150 361
1151 314
1152 124
1153 1310
1154 2441
1155 801
1156 941
1157 300
1158 1544
1159 494
1160 204
1161 1704
1162 1748
1163 1887
1164 285
1165 1973
1166 406
1167 1557
1168 1668
1169 1250
1170 1883
1171 1224
1172 2200
1173 383
1174 20
1175 1399
1176 2007
1177 1591
1178 1128
1179 54
1180 715
1181 1584
1182 1646
1183 2167
1184 2005
1185 704
1186 877
1187 1965
1188 1134
1189 1799
1190 2454
1191 252
1192 2283
1193 424
1194 294
1195 1087
1196 1196
1197 1642
1198 552
1199 1020
1200 2064
1201 2078
1202 2124
1203 764
1204 1264
1205 2465
1206 1788
1207 486
1208 1366
1209 539
1210 1455
1211 75
1212 2291
1213 158
1214 1712
1215 661
1216 565
1217 657
1218 690
1219 2436
1220 1612
1221 922
1222 533
1223 2358
1224 1062
1225 1717
1226 1662
1227 503
1228 2473
1229 1350
1230 1503
1231 1287
1232 577
1233 1926
1234 593
1235 1462
1236 242
1237 1403
1238 2484
1239 1578
1240 1434
1241 1838
1242 2119
1243 2002
1244 1766
1245 2397
1246 1721
1247 52
1248 2244
1249 1644
1250 2429
1251 1302
1252 913
1253 797
1254 1188
1255 2481
1256 121
1257 2212
1258 1830
1259 469
1260 2055
1261 1895
1262 1865
1263 1149
1264 878
1265 466
1266 1852
1267 1377
1268 1533
1269 181
1270 627
1271 111
1272 2197
1273 1500
1274 699
1275 1470
1276 11
1277 1004
1278 344
1279 1016
1280 261
1281 1359
1282 1136
1283 1100
1284 1419
1285 1283
1286 2091
1287 2490
1288 328
1289 2174
1290 1049
1291 353
1292 1991
1293 1691
1294 906
1295 408
1296 1449
1297 220
1298 980
1299 1829
1300 834
1301 2342
1302 94
1303 1781
1304 915
1305 313
1306 1295
1307 1831
1308 1024
1309 2482
1310 585
1311 1311
1312 904
1313 519
1314 286
1315 943
1316 1296
1317 2001
1318 2493
1319 2335
1320 640
1321 1697
1322 619
1323 2450
1324 92
1325 2185
1326 2315
1327 178
1328 1103
1329 2130
1330 1744
1331 1474
1332 1421
1333 562
1334 2146
1335 2211
1336 462
1337 364
1338 289
1339 742
1340 1372
1341 1227
1342 776
1343 2333
1344 192
1345 1380
1346 861
1347 855
1348 1120
1349 55
1350 511
1351 987
1352 1912
1353 1587
1354 26
1355 266
1356 1711
1357 213
1358 279
1359 71
1360 2271
1361 1340
1362 487
1363 1428
1364 2164
1365 608
1366 68
1367 1881
1368 2352
1369 569
1370 1774
1371 1364
1372 2256
1373 1441
1374 1785
1375 2082
1376 1572
1377 2418
1378 1052
1379 1157
1380 1832
1381 1508
1382 829
1383 1567
1384 1279
1385 2499
1386 1158
1387 2336
1388 21
1389 2239
1390 2223
1391 1322
1392 1826
1393 1239
1394 910
1395 2226
1396 330
1397 2025
1398 1061
1399 1760
1400 459
1401 1169
1402 2038
1403 1658
1404 757
1405 1425
1406 1850
1407 669
1408 123
1409 2408
1410 1558
1411 1148
1412 229
1413 1040
1414 821
1415 1317
1416 857
1417 2420
1418 2486
1419 1972
1420 786
1421 662
1422 1563
1423 868
1424 1618
1425 537
1426 1297
1427 1418
1428 57
1429 1747
1430 733
1431 407
1432 1246
1433 1551
1434 291
1435 1759
1436 1378
1437 1537
1438 208
1439 1488
1440 427
1441 888
1442 1337
1443 411
1444 1208
1445 404
1446 1212
1447 1274
1448 1577
1449 1802
1450 1693
1451 1694
1452 398
1453 1145
1454 1318
1455 873
1456 845
1457 1661
1458 1219
1459 813
1460 465
1461 1110
1462 1390
1463 311
1464 1124
1465 1385
1466 1189
1467 422
1468 2314
1469 952
1470 1899
1471 1509
1472 288
1473 898
1474 42
1475 2364
1476 838
1477 2355
1478 397
1479 1722
1480 1617
1481 1925
1482 1285
1483 697
1484 263
1485 2415
1486 2288
1487 989
1488 1854
1489 596
1490 2343
1491 2474
1492 452
1493 1394
1494 2032
1495 2222
1496 139
1497 628
1498 451
1499 1520
1500 2085
1501 2219
1502 2229
1503 365
1504 167
1505 1849
1506 1882
1507 1171
1508 2491
1509 1615
1510 1008
1511 2432
1512 317
1513 2382
1514 871
1515 1621
1516 643
1517 1263
1518 574
1519 1719
1520 1176
1521 865
1522 1528
1523 1549
1524 1879
1525 67
1526 1395
1527 2102
1528 2480
1529 1032
1530 831
1531 402
1532 1767
1533 35
1534 2139
1535 1010
1536 1754
1537 716
1538 1324
1539 1011
1540 1186
1541 324
1542 947
1543 1894
1544 2346
1545 479
1546 2077
1547 1775
1548 1939
1549 1664
1550 1424
1551 2423
1552 2280
1553 843
1554 238
1555 2166
1556 1453
1557 1675
1558 2096
1559 1144
1560 351
1561 45
1562 1845
1563 726
1564 737
1565 179
1566 91
1567 1278
1568 1045
1569 513
1570 130
1571 64
1572 1405
1573 1620
1574 415
1575 983
1576 2322
1577 1934
1578 1063
1579 36
1580 1916
1581 586
1582 453
1583 815
1584 386
1585 1367
1586 185
1587 1084
1588 1407
1589 614
1590 1603
1591 1400
1592 540
1593 1796
1594 1511
1595 1957
1596 696
1597 106
1598 1126
1599 899
1600 546
1601 2252
1602 602
1603 1304
1604 1077
1605 241
1606 777
1607 622
1608 501
1609 1683
1610 1736
1611 1763
1612 1478
1613 1638
1614 1679
1615 1410
1616 1447
1617 484
1618 1761
1619 1738
1620 572
1621 2298
1622 369
1623 852
1624 866
1625 1651
1626 954
1627 166
1628 420
1629 997
1630 1232
1631 449
1632 839
1633 2389
1634 2421
1635 2354
1636 510
1637 2019
1638 5
1639 1078
1640 221
1641 1985
1642 172
1643 2190
1644 931
1645 282
1646 1588
1647 1689
1648 526
1649 1081
1650 1258
1651 2375
1652 1457
1653 587
1654 136
1655 400
1656 2351
1657 1362
1658 2218
1659 1107
1660 262
1661 1151
1662 1025
1663 793
1664 599
1665 1663
1666 1839
1667 257
1668 455
1669 1815
1670 867
1671 542
1672 2460
1673 475
1674 1808
1675 231
1676 979
1677 896
1678 944
1679 2398
1680 223
1681 1437
1682 1514
1683 595
1684 1342
1685 2144
1686 1371
1687 1877
1688 2206
1689 1217
1690 217
1691 1379
1692 525
1693 1543
1694 1816
1695 1320
1696 575
1697 671
1698 347
1699 1091
1700 1886
1701 2141
1702 1460
1703 1179
1704 15
1705 2311
1706 2449
1707 2295
1708 190
1709 524
1710 651
1711 1525
1712 1492
1713 1701
1714 1373
1715 2479
1716 483
1717 850
1718 2083
1719 1628
1720 2430
1721 2201
1722 601
1723 883
1724 818
1725 2278
1726 2183
1727 790
1728 2230
1729 1416
1730 706
1731 170
1732 1878
1733 2411
1734 1438
1735 2242
1736 551
1737 748
1738 116
1739 1994
1740 102
1741 1943
1742 2011
1743 591
1744 2270
1745 1257
1746 1195
1747 1958
1748 233
1749 1333
1750 912
1751 122
1752 998
1753 1345
1754 2459
1755 993
1756 440
1757 1902
1758 1445
1759 1559
1760 1645
1761 145
1762 1099
1763 146
1764 1841
1765 756
1766 736
1767 2238
1768 604
1769 879
1770 1206
1771 202
1772 1685
1773 2058
1774 1013
1775 1998
1776 2404
1777 1228
1778 2414
1779 450
1780 345
1781 1636
1782 531
1783 378
1784 840
1785 1313
1786 293
1787 769
1788 1240
1789 1657
1790 590
1791 1251
1792 936
1793 1614
1794 799
1795 2214
1796 712
1797 2417
1798 1733
1799 2330
1800 812
1801 771
1802 664
1803 2173
1804 1757
1805 2483
1806 168
1807 1750
1808 2445
1809 1518
1810 1220
1811 98
1812 1684
1813 1914
1814 976
1815 945
1816 2225
1817 1070
1818 256
1819 960
1820 416
1821 425
1822 115
1823 1562
1824 471
1825 1714
1826 1255
1827 85
1828 329
1829 1265
1830 335
1831 707
1832 1152
1833 1794
1834 2175
1835 1571
1836 2373
1837 1749
1838 641
1839 970
1840 985
1841 1702
1842 1649
1843 1029
1844 633
1845 1203
1846 1707
1847 2353
1848 295
1849 410
1850 1351
1851 1782
1852 1730
1853 1422
1854 89
1855 994
1856 1282
1857 2237
1858 1599
1859 1907
1860 804
1861 1368
1862 1459
1863 1876
1864 321
1865 2177
1866 968
1867 1233
1868 2268
1869 497
1870 1090
1871 1053
1872 1784
1873 489
1874 1531
1875 1284
1876 2216
1877 1112
1878 2363
1879 2297
1880 159
1881 1507
1882 695
1883 887
1884 297
1885 2191
1886 193
1887 2489
1888 2248
1889 188
1890 872
1891 658
1892 953
1893 504
1894 1125
1895 1021
1896 107
1897 2440
1898 2107
1899 373
1900 384
1901 605
1902 885
1903 1798
1904 2332
1905 995
1906 171
1907 2469
1908 1482
1909 1891
1910 1477
1911 598
1912 304
1913 930
1914 209
1915 90
1916 2168
1917 1696
1918 2393
1919 1031
1920 203
1921 382
1922 1875
1923 1111
1924 2245
1925 1357
1926 1768
1927 376
1928 1753
1929 1155
1930 1800
1931 2056
1932 1363
1933 273
1934 1270
1935 1181
1936 1795
1937 1358
1938 841
1939 2241
1940 2427
1941 270
1942 109
1943 2106
1944 371
1945 2395
1946 32
1947 720
1948 316
1949 826
1950 1154
1951 2339
1952 84
1953 1229
1954 62
1955 131
1956 2391
1957 705
1958 1427
1959 1948
1960 255
1961 1017
1962 1140
1963 2316
1964 2320
1965 250
1966 1930
1967 971
1968 1968
1969 2089
1970 1369
1971 1908
1972 176
1973 1927
1974 1167
1975 1510
1976 1820
1977 280
1978 230
1979 1332
1980 824
1981 163
1982 1315
1983 1699
1984 1945
1985 1888
1986 2163
1987 1058
1988 670
1989 2192
1990 1778
1991 2154
1992 2075
1993 343
1994 1476
1995 600
1996 702
1997 1454
1998 982
1999 545
2000 1443
2001 2067
2002 740
2003 1884
2004 668
2005 1921
2006 1633
2007 1162
2008 907
2009 1168
2010 219
2011 1556
2012 2213
2013 1130
2014 27
2015 251
2016 2059
2017 301
2018 809
2019 1755
2020 1027
2021 205
2022 1771
2023 1706
2024 493
2025 1114
2026 161
2027 460
2028 713
2029 370
2030 544
2031 2127
2032 1464
2033 655
2034 2304
2035 201
2036 180
2037 491
2038 79
2039 553
2040 435
2041 667
2042 1647
2043 1853
2044 2022
2045 1526
2046 615
2047 2151
2048 19
2049 948
2050 1619
2051 1924
2052 1273
2053 2098
2054 1498
2055 2126
2056 830
2057 2047
2058 547
2059 2384
2060 555
2061 207
2062 1268
2063 958
2064 689
2065 1977
2066 1266
2067 49
2068 105
2069 1833
2070 536
2071 508
2072 277
2073 2246
2074 1600
2075 729
2076 2468
2077 2307
2078 418
2079 1817
2080 76
2081 430
2082 1953
2083 2347
2084 721
2085 1801
2086 1067
2087 680
2088 1323
2089 2254
2090 518
2091 1613
2092 310
2093 1465
2094 1325
2095 2152
2096 507
2097 2129
2098 264
2099 65
2100 1920
2101 1408
2102 2013
2103 1433
2104 2276
2105 1271
2106 2041
2107 44
2108 31
2109 709
2110 1940
2111 1256
2112 287
2113 1688
2114 1204
2115 636
2116 1823
2117 4
2118 2258
2119 194
2120 1267
2121 1491
2122 1406
2123 583
2124 1842
2125 165
2126 2409
2127 1955
2128 2266
2129 1300
2130 1160
2131 687
2132 1728
2133 1715
2134 1764
2135 2451
2136 933
2137 584
2138 2392
2139 37
2140 1292
2141 350
2142 303
2143 1745
2144 164
2145 770
2146 41
2147 693
2148 1193
2149 1950
2150 527
2151 772
2152 2170
2153 939
2154 629
2155 1855
2156 2301
2157 653
2158 665
2159 2134
2160 844
2161 1582
2162 2003
2163 1347
2164 1616
2165 334
2166 1964
2167 1709
2168 1987
2169 388
2170 548
2171 1281
2172 199
2173 405
2174 2381
2175 29
2176 1370
2177 1666
2178 932
2179 2269
2180 1349
2181 1780
2182 2360
2183 679
2184 1731
2185 1065
2186 1961
2187 1837
2188 924
2189 2250
2190 2263
2191 488
2192 1199
2193 401
2194 143
2195 444
2196 2312
2197 1867
2198 1512
2199 2114
2200 911
2201 568
2202 1198
2203 1963
2204 1772
2205 2027
2206 2388
2207 1047
2208 1415
2209 356
2210 53
2211 1054
2212 2275
2213 436
2214 1974
2215 1935
2216 1383
2217 1598
2218 2365
2219 1432
2220 2302
2221 1995
2222 125
2223 2259
2224 1420
2225 1949
2226 1277
2227 359
2228 1096
2229 1166
2230 104
2231 1969
2232 1906
2233 862
2234 1979
2235 2012
2236 2383
2237 990
2238 152
2239 951
2240 1105
2241 1269
2242 9
2243 1506
2244 561
2245 521
2246 2356
2247 884
2248 454
2249 1770
2250 2471
2251 2037
2252 267
2253 1143
2254 1629
2255 1997
2256 2472
2257 1037
2258 1623
2259 2137
2260 2452
2261 1043
2262 2103
2263 2156
2264 1080
2265 1
2266 271
2267 1656
2268 1485
2269 2111
2270 710
2271 817
2272 2396
2273 535
2274 1959
2275 739
2276 1922
2277 1529
2278 828
2279 431
2280 467
2281 616
2282 870
2283 2210
2284 496
2285 245
2286 1019
2287 1892
2288 914
2289 1954
2290 1951
2291 1012
2292 129
2293 348
2294 2338
2295 394
2296 1127
2297 1726
2298 127
2299 247
2300 305
2301 1660
2302 2386
2303 893
2304 1116
2305 1122
2306 779
2307 966
2308 2372
2309 211
2310 1627
2311 1391
2312 1184
2313 620
2314 1982
2315 2000
2316 864
2317 1643
2318 2277
2319 1213
2320 762
2321 2109
2322 1057
2323 73
2324 964
2325 2453
2326 265
2327 1365
2328 473
2329 1467
2330 2157
2331 2148
2332 919
2333 7
2334 1327
2335 2203
2336 1765
2337 2097
2338 1836
2339 823
2340 77
2341 1094
2342 1469
2343 2496
2344 1030
2345 156
2346 744
2347 332
2348 1479
2349 2112
2350 1868
2351 2286
2352 1202
2353 1777
2354 83
2355 1632
2356 1497
2357 2331
2358 33
2359 70
2360 2323
2361 610
2362 529
2363 853
2364 1564
2365 1312
2366 485
2367 2232
2368 579
2369 1575
2370 1670
2371 326
2372 1933
2373 1183
2374 244
2375 1594
2376 1779
2377 1550
2378 372
2379 1338
2380 1260
2381 2121
2382 1579
2383 1793
2384 2079
2385 1088
2386 2044
2387 760
2388 2385
2389 1810
2390 949
2391 260
2392 2394
2393 2345
2394 2113
2395 645
2396 2205
2397 1026
2398 1931
2399 2294
2400 1071
2401 564
2402 642
2403 1834
2404 1396
2405 1915
2406 1484
2407 1446
2408 391
2409 560
2410 48
2411 1216
2412 2084
2413 1592
2414 1205
2415 863
2416 522
2417 417
2418 1392
2419 18
2420 708
2421 1102
2422 2309
2423 1290
2424 2477
2425 2446
2426 296
2427 2337
2428 147
2429 937
2430 1009
2431 897
2432 1807
2433 2350
2434 1516
2435 2171
2436 61
2437 950
2438 2110
2439 2087
2440 2428
2441 929
2442 2057
2443 1241
2444 206
2445 1805
2446 1553
2447 2306
2448 100
2449 274
2450 534
2451 1069
2452 663
2453 177
2454 38
2455 849
2456 367
2457 2040
2458 775
2459 2289
2460 2447
2461 2313
2462 2461
2463 162
2464 66
2465 2015
2466 1275
2467 499
2468 656
2469 609
2470 1089
2471 606
2472 520
2473 3
2474 1751
2475 2407
2476 1681
2477 2029
2478 886
2479 1901
2480 1942
2481 2349
2482 1580
2483 1773
2484 275
2485 743
2486 1039
2487 1192
2488 464
2489 1667
2490 2262
2491 2475
2492 1923
2493 774
2494 1999
2495 2120
2496 1903
2497 820
2498 1299
2499 2136
2500 198
