1 600
2 430
3 23
4 322
5 260
6 578
7 392
8 201
9 125
10 302
11 549
12 734
13 506
14 648
15 644
16 432
17 486
18 187
19 568
20 48
21 188
22 108
23 55
24 661
25 603
26 228
27 475
28 395
29 13
30 224
31 459
32 256
33 647
34 118
35 512
36 595
37 144
38 363
39 338
40 743
41 539
42 519
43 673
44 62
45 694
46 553
47 652
48 160
49 356
50 385
51 192
52 57
53 536
54 337
55 184
56 328
57 656
58 253
59 702
60 45
61 731
62 727
63 693
64 301
65 212
66 657
67 170
68 614
69 722
70 494
71 437
72 651
73 200
74 583
75 52
76 741
77 556
78 533
79 28
80 3
81 257
82 8
83 42
84 221
85 662
86 217
87 14
88 572
89 740
90 679
91 684
92 113
93 736
94 407
95 710
96 431
97 426
98 503
99 251
100 467
101 238
102 361
103 439
104 551
105 167
106 650
107 547
108 378
109 82
110 20
111 629
112 129
113 612
114 387
115 611
116 19
117 79
118 16
119 334
120 11
121 225
122 597
123 87
124 244
125 617
126 239
127 197
128 183
129 704
130 278
131 198
132 594
133 305
134 157
135 587
136 531
137 717
138 303
139 101
140 202
141 417
142 291
143 613
144 691
145 444
146 290
147 76
148 150
149 379
150 674
151 541
152 178
153 646
154 237
155 534
156 116
157 528
158 604
159 298
160 336
161 29
162 690
163 720
164 739
165 696
166 450
167 206
168 468
169 348
170 286
171 456
172 636
173 117
174 653
175 353
176 279
177 728
178 104
179 618
180 120
181 388
182 25
183 529
184 342
185 588
186 428
187 270
188 240
189 313
190 470
191 516
192 236
193 17
194 354
195 443
196 148
197 161
198 158
199 719
200 554
201 169
202 321
203 419
204 34
205 678
206 683
207 511
208 447
209 65
210 514
211 749
212 695
213 377
214 372
215 235
216 391
217 267
218 179
219 598
220 522
221 66
222 524
223 438
224 526
225 186
226 606
227 81
228 408
229 451
230 344
231 309
232 163
233 685
234 463
235 687
236 210
237 73
238 284
239 627
240 327
241 271
242 659
243 585
244 496
245 500
246 31
247 347
248 2
249 474
250 351
251 745
252 96
253 530
254 641
255 375
256 250
257 423
258 234
259 586
260 15
261 324
262 123
263 345
264 227
265 471
266 371
267 165
268 36
269 27
270 247
271 414
272 422
273 269
274 472
275 628
276 252
277 671
278 139
279 546
280 418
281 47
282 413
283 83
284 663
285 570
286 341
287 643
288 296
289 194
290 737
291 216
292 77
293 750
294 119
295 229
296 204
297 7
298 136
299 406
300 427
301 346
302 280
303 602
304 532
305 135
306 176
307 520
308 412
309 71
310 398
311 122
312 576
313 193
314 716
315 680
316 9
317 631
318 315
319 241
320 218
321 499
322 130
323 705
324 230
325 495
326 105
327 233
328 181
329 124
330 190
331 319
332 510
333 175
334 4
335 497
336 411
337 249
338 340
339 489
340 275
341 41
342 715
343 557
344 465
345 40
346 609
347 455
348 196
349 484
350 625
351 86
352 634
353 718
354 288
355 711
356 44
357 552
358 333
359 400
360 404
361 442
362 255
363 492
364 261
365 666
366 102
367 592
368 60
369 402
370 64
371 477
372 56
373 591
374 701
375 94
376 393
377 276
378 582
379 637
380 293
381 390
382 567
383 1
384 469
385 277
386 232
387 394
388 295
389 264
390 515
391 369
392 308
393 93
394 573
395 708
396 134
397 448
398 664
399 43
400 243
401 517
402 171
403 660
404 621
405 24
406 548
407 446
408 623
409 502
410 72
411 670
412 454
413 99
414 6
415 599
416 677
417 215
418 482
419 358
420 110
421 464
422 126
423 262
424 156
425 69
426 281
427 590
428 182
429 481
430 268
431 688
432 561
433 115
434 30
435 436
436 359
437 608
438 525
439 580
440 538
441 726
442 355
443 571
444 285
445 75
446 686
447 569
448 655
449 479
450 610
451 487
452 445
453 732
454 177
455 180
456 380
457 211
458 142
459 622
460 38
461 335
462 61
463 59
464 213
465 10
466 365
467 185
468 248
469 326
470 273
471 367
472 478
473 480
474 490
475 39
476 420
477 292
478 505
479 74
480 501
481 282
482 434
483 145
484 68
485 208
486 577
487 564
488 205
489 504
490 259
491 376
492 466
493 555
494 523
495 575
496 370
497 441
498 155
499 473
500 154
501 5
502 581
503 433
504 574
505 173
506 100
507 675
508 174
509 700
510 103
511 415
512 638
513 320
514 140
515 164
516 195
517 676
518 364
519 527
520 491
521 137
522 199
523 596
524 712
525 424
526 382
527 128
528 401
529 389
530 544
531 579
532 138
533 98
534 607
535 620
536 162
537 513
538 70
539 21
540 49
541 435
542 310
543 121
544 245
545 109
546 274
547 682
548 632
549 452
550 297
551 152
552 462
553 488
554 626
555 658
556 330
557 714
558 397
559 619
560 147
561 357
562 318
563 159
564 209
565 360
566 226
567 630
568 405
569 461
570 343
571 307
572 151
573 53
574 742
575 191
576 667
577 111
578 383
579 300
580 744
581 681
582 733
583 325
584 265
585 746
586 316
587 63
588 231
589 584
590 339
591 738
592 545
593 616
594 540
595 669
596 314
597 131
598 189
599 729
600 374
601 127
602 713
603 521
604 550
605 483
606 601
607 272
608 730
609 425
610 421
611 106
612 508
613 689
614 246
615 299
616 329
617 485
618 645
619 153
620 294
621 624
622 381
623 537
624 172
625 386
626 498
627 542
628 33
629 283
630 143
631 692
632 266
633 146
634 449
635 141
636 635
637 306
638 654
639 566
640 615
641 287
642 85
643 35
644 457
645 222
646 254
647 706
648 416
649 112
650 54
651 149
652 26
653 735
654 724
655 220
656 91
657 78
658 593
659 18
660 476
661 223
662 509
663 558
664 699
665 458
666 50
667 168
668 748
669 95
670 721
671 672
672 368
673 242
674 563
675 453
676 349
677 58
678 132
679 429
680 107
681 642
682 366
683 90
684 22
685 67
686 166
687 440
688 311
689 460
690 84
691 352
692 493
693 709
694 214
695 698
696 723
697 560
698 543
699 219
700 114
701 32
702 507
703 703
704 707
705 304
706 12
707 747
708 725
709 697
710 80
711 207
712 89
713 640
714 317
715 92
716 518
717 665
718 88
719 649
720 362
721 639
722 323
723 46
724 263
725 535
726 403
727 668
728 589
729 97
730 312
731 258
732 373
733 350
734 565
735 633
736 399
737 37
738 562
739 331
740 203
741 410
742 384
743 332
744 51
745 289
746 559
747 605
748 133
749 396
750 409
