100
49 76 17 35 77 11 9 60 20 33 5 47 54 40 32 26 90 24 58 75 62 53 14 68 72 78 97 69 86 31 2 93 34 10 64 44 21 85 80 1 96 15 71 45 3 8 66 7 65 89 94 61 55 13 42 95 43 4 59 48 79 81 41 88 19 39 74 22 51 52 83 92 16 36 84 29 82 23 70 30 27 56 50 6 18 63 37 87 100 28 99 98 38 25 46 67 12 57 91 73
6 47 58 60 54 51 78 9 69 99 18 7 52 72 77 41 100 28 42 12 80 61 75 38 48 86 22 93 33 8 66 82 59 63 20 39 16 89 45 29 27 43 71 23 21 4 37 36 31 1 11 98 81 25 5 17 19 65 64 95 67 49 14 84 70 32 50 68 91 87 3 83 35 15 44 40 46 90 30 56 34 94 53 13 76 62 79 92 55 2 97 74 73 10 57 24 96 26 85 88
15 77 64 98 55 47 59 23 91 35 34 4 92 69 83 81 42 94 16 73 87 56 93 33 20 99 7 3 52 17 79 100 80 70 32 46 19 66 24 57 41 30 51 49 12 82 72 26 78 8 6 75 29 40 31 10 58 86 1 25 89 43 21 84 95 65 97 53 39 11 67 50 54 38 9 13 22 90 85 37 2 18 76 28 44 60 63 61 62 14 96 71 27 48 88 5 68 36 45 74
79 86 80 67 78 73 38 87 31 49 89 4 7 6 28 12 84 95 64 55 60 13 98 27 11 82 41 75 56 35 76 92 45 94 68 21 18 44 57 9 1 97 72 5 23 33 46 36 91 43 59 81 99 24 83 88 77 63 16 40 30 15 62 26 20 39 70 52 3 53 93 74 25 61 90 50 66 22 17 10 2 58 71 47 32 65 29 69 85 14 8 51 54 37 100 34 96 42 19 48
36 79 65 58 66 18 87 78 76 6 21 11 38 9 7 96 32 82 85 10 97 3 75 8 17 30 83 42 4 88 33 41 55 15 43 100 31 68 14 20 46 63 89 94 72 24 28 92 95 13 81 51 62 84 19 53 71 25 70 69 80 90 5 64 40 77 35 56 99 1 91 59 54 47 44 34 57 93 27 61 45 16 48 37 23 49 2 52 12 60 26 74 50 67 98 86 73 22 39 29
87 60 29 90 52 5 44 43 73 6 38 83 48 81 37 96 64 14 30 32 61 41 85 67 46 70 54 89 84 22 8 2 86 23 42 25 68 82 58 75 63 55 94 71 98 97 36 53 27 9 28 11 74 33 62 79 92 45 50 78 66 20 93 51 34 57 15 1 80 65 59 7 69 3 16 19 24 76 95 40 88 47 10 100 4 49 39 31 17 12 21 18 56 26 35 13 99 77 72 91
97 26 36 8 66 85 4 50 2 35 9 65 24 42 95 57 30 37 72 58 21 45 78 71 20 60 81 17 80 69 96 12 13 75 82 49 100 31 15 41 39 29 61 25 56 19 38 83 7 23 43 73 3 90 14 84 93 33 91 62 1 59 6 55 51 32 5 47 88 63 70 48 76 54 44 87 11 64 89 67 86 34 52 46 98 16 53 27 22 79 92 77 28 68 74 99 10 94 40 18
86 90 55 97 23 32 89 5 25 11 45 73 15 50 36 76 74 92 96 77 4 51 62 19 17 63 75 78 64 54 20 99 40 83 33 82 49 3 71 38 16 37 94 84 1 13 44 52 28 53 30 12 79 26 34 69 56 66 80 98 95 47 70 7 21 10 14 85 2 18 59 9 29 60 87 57 41 8 91 93 39 48 35 22 81 72 67 88 68 43 100 46 6 65 24 42 61 27 31 58
83 74 98 52 62 45 95 46 34 57 9 73 53 10 29 58 42 86 59 32 2 81 41 43 88 30 47 22 50 94 16 13 80 84 5 69 49 85 89 37 90 39 64 48 60 28 19 15 17 55 92 91 87 11 67 100 71 26 65 12 66 25 72 93 78 18 8 27 24 51 70 77 99 14 56 23 79 33 1 6 40 68 61 54 36 20 35 3 38 44 31 7 96 75 63 21 4 76 82 97
25 76 91 83 98 7 37 62 17 51 73 33 15 68 22 86 64 14 67 48 4 27 57 32 85 60 26 3 82 77 10 90 20 49 95 2 50 93 97 56 21 96 92 34 84 39 89 79 65 59 53 38 71 78 63 36 75 72 31 66 44 42 28 43 1 61 29 16 13 58 11 41 24 9 87 19 94 55 47 54 70 23 99 40 30 6 52 69 80 46 18 74 5 12 35 100 45 88 81 8
12 56 9 20 45 21 80 38 48 81 77 55 61 82 51 35 66 71 91 8 92 16 23 39 100 29 93 32 42 86 95 40 76 18 59 78 44 90 28 14 30 43 10 41 4 72 63 69 73 22 75 53 85 27 26 65 31 99 50 64 6 87 83 74 54 88 2 67 49 5 52 34 19 58 7 1 60 13 84 37 96 94 15 70 62 57 36 11 68 24 17 98 25 47 3 89 97 33 46 79
10 12 5 15 18 30 60 39 66 76 34 29 56 51 90 36 65 85 83 71 53 59 96 61 32 68 47 2 13 81 49 92 45 8 57 48 46 22 91 44 26 62 17 33 1 73 37 24 38 86 41 74 67 89 25 88 54 3 64 21 20 27 63 79 6 55 93 35 98 87 19 75 82 100 40 77 14 28 4 16 99 9 23 97 72 42 43 31 52 70 50 80 78 84 69 7 95 94 11 58
5 9 67 70 56 50 27 53 77 79 51 24 52 87 55 19 38 39 62 75 81 36 59 49 95 94 25 80 20 42 57 6 29 10 22 69 98 93 23 63 74 30 60 64 86 14 21 68 91 33 43 18 46 54 17 45 26 12 32 11 73 28 41 61 72 35 47 99 48 100 16 7 44 82 66 37 4 13 78 90 84 31 40 97 96 1 58 15 2 89 76 71 88 34 92 8 83 3 65 85
8 40 68 90 62 3 48 67 80 65 54 74 71 47 94 43 75 16 91 51 39 5 20 10 29 93 52 31 78 46 45 42 82 6 4 12 11 79 85 63 22 35 28 81 26 70 1 99 72 87 89 69 56 13 18 38 77 73 7 55 14 83 24 58 61 36 30 15 88 19 86 95 100 96 33 34 59 17 25 27 66 84 53 76 21 97 98 32 64 9 2 57 92 37 23 49 41 44 60 50
7 36 60 52 61 6 23 66 96 79 30 1 45 47 18 5 85 95 73 89 20 91 71 11 4 35 48 33 98 63 78 56 38 34 42 75 50 16 21 74 25 99 32 69 64 59 43 57 54 80 62 70 22 8 37 3 90 93 92 40 55 49 83 27 77 68 17 67 41 81 15 86 76 84 44 10 14 97 39 31 13 28 9 24 53 58 46 72 88 100 87 26 19 65 12 2 29 94 82 51
82 60 10 80 6 73 40 30 5 59 44 100 43 31 11 38 57 46 64 19 49 9 96 68 70 37 24 47 66 34 48 27 97 13 41 75 74 94 36 99 26 93 50 85 4 8 16 39 67 20 15 95 22 23 17 78 81 35 25 90 92 2 77 65 58 61 28 14 12 88 55 33 52 54 89 69 79 3 56 32 91 63 62 21 45 7 98 51 76 29 42 87 86 72 84 1 83 71 53 18
84 41 51 34 35 45 81 25 16 54 42 9 23 83 66 31 2 74 95 47 44 99 64 36 24 20 53 73 1 75 14 38 37 85 92 77 12 21 43 87 60 5 11 57 19 97 17 63 58 94 8 82 55 91 33 10 49 7 65 67 80 89 61 50 69 90 29 62 56 98 27 39 40 30 32 78 96 100 18 48 68 52 26 28 4 88 76 15 3 13 6 70 59 46 79 22 93 86 71 72
49 4 83 62 42 36 66 65 70 15 50 2 25 56 74 72 19 46 27 94 88 53 35 20 99 54 82 8 90 6 100 71 30 47 40 98 37 96 41 85 67 55 95 13 3 16 89 45 23 68 11 17 18 61 28 76 34 39 86 57 93 48 26 59 81 77 7 78 24 64 32 21 60 80 87 58 91 73 22 10 9 5 92 33 1 52 29 43 38 44 31 14 69 63 51 75 97 12 79 84
45 19 92 52 91 86 99 50 47 85 24 36 65 72 14 9 64 12 29 26 49 11 57 75 13 31 37 30 60 40 53 18 77 96 80 33 46 90 35 28 68 63 32 5 48 84 88 78 21 7 79 61 70 62 1 38 43 16 71 56 8 44 51 22 83 15 41 97 42 2 66 17 3 82 58 6 59 27 23 39 69 54 74 34 93 55 76 95 89 20 10 94 25 4 73 67 100 98 87 81
56 24 70 44 62 53 27 84 71 38 40 6 29 65 36 2 88 42 73 99 8 87 45 30 50 46 75 74 98 52 59 61 47 55 19 18 34 7 41 54 32 95 93 9 67 37 68 86 92 57 79 22 39 15 13 94 90 4 35 26 17 20 28 82 85 100 12 58 21 60 80 43 76 96 64 14 31 49 83 10 33 51 25 63 69 78 16 89 77 3 11 91 1 5 23 81 66 48 72 97
40 29 3 68 53 23 67 71 52 2 94 88 32 90 54 87 62 61 97 99 42 78 66 4 56 8 12 13 28 11 83 82 47 24 1 58 46 5 93 55 35 74 26 33 57 19 72 18 96 63 60 59 64 7 51 36 79 65 41 43 81 17 25 48 77 95 100 44 31 15 10 86 45 20 38 73 6 9 27 49 69 21 39 89 34 75 16 37 30 50 98 84 85 76 14 80 22 70 91 92
15 21 3 82 29 79 66 53 41 87 30 39 2 67 80 6 40 36 95 33 89 73 86 7 13 22 56 43 100 81 93 18 44 71 8 57 4 74 10 27 84 35 9 85 47 55 90 12 61 68 76 52 72 1 20 99 45 96 50 23 75 60 63 91 37 65 78 64 51 28 32 26 16 38 49 48 59 98 83 5 14 34 62 94 70 42 25 97 92 17 58 19 24 11 46 77 69 54 88 31
87 72 33 45 54 63 23 64 52 79 2 32 76 90 99 43 62 42 75 22 31 66 1 70 21 61 67 9 20 14 81 18 85 10 46 19 96 98 94 34 6 37 68 86 30 13 77 41 50 25 91 4 93 95 29 69 71 57 27 83 100 8 40 39 48 38 36 12 74 58 5 89 73 55 82 56 3 80 16 60 88 84 35 47 53 44 59 78 26 11 17 15 97 65 24 49 7 92 51 28
6 75 42 36 63 19 41 84 7 66 99 60 15 52 96 39 17 28 72 26 98 77 97 85 3 44 25 57 83 56 40 91 55 70 16 92 29 18 79 53 71 50 65 14 51 31 64 12 82 21 10 61 20 35 37 32 80 30 87 34 58 78 43 93 45 23 69 1 9 95 74 38 24 49 88 76 89 2 86 54 100 67 62 90 8 59 22 33 27 47 5 73 48 46 94 13 11 68 4 81
58 28 40 67 22 49 20 33 23 17 85 81 73 78 14 37 93 82 60 8 29 61 16 84 25 94 45 43 35 5 76 55 89 100 98 6 38 47 53 65 31 62 2 24 4 75 30 11 63 86 91 18 92 52 96 59 56 71 70 15 77 51 42 83 27 95 64 88 72 50 87 66 68 48 46 36 10 26 54 90 41 97 34 32 74 79 19 21 99 12 57 9 1 7 69 3 44 80 13 39
77 100 95 55 56 13 73 98 28 84 15 93 71 31 3 87 50 30 47 12 76 68 53 4 27 54 9 2 42 20 96 14 97 26 25 16 48 80 79 21 59 8 45 33 35 6 67 43 63 81 90 5 49 32 69 22 61 24 65 46 57 36 83 52 44 7 78 29 62 40 39 70 51 58 86 11 75 1 19 37 23 89 64 10 91 82 88 17 72 38 99 41 66 60 94 18 74 34 92 85
28 68 26 67 46 13 10 15 57 11 34 16 89 23 92 24 85 21 54 61 48 1 8 44 74 12 38 14 9 50 47 81 82 60 56 33 84 52 31 35 86 64 93 79 36 49 20 73 30 80 29 94 63 70 87 99 5 25 3 69 78 39 22 40 65 88 32 17 96 62 100 72 77 71 45 98 19 95 42 2 18 66 43 59 76 27 97 90 41 4 91 55 83 37 58 7 53 75 51 6
63 13 70 96 38 89 72 16 56 58 6 22 92 57 15 64 88 95 51 33 36 34 28 35 85 49 31 73 81 40 59 32 76 5 65 50 66 68 45 82 9 67 78 37 12 23 80 19 44 4 97 8 79 71 87 55 91 93 17 18 74 52 53 30 60 24 11 90 20 69 48 100 1 14 21 39 29 86 41 75 62 77 26 46 42 83 47 3 61 54 7 25 10 43 99 27 84 98 2 94
60 37 29 69 78 65 90 99 34 6 91 8 43 96 58 76 30 98 94 87 49 54 83 45 17 80 32 24 85 3 15 48 86 27 36 16 2 56 5 26 59 21 35 47 75 13 38 39 66 68 100 11 51 53 73 31 74 92 64 67 81 14 20 95 46 82 41 71 4 63 88 23 33 9 97 57 61 22 77 79 55 7 44 72 84 18 1 12 25 52 50 89 62 10 40 93 28 19 70 42
68 57 15 1 78 95 7 6 27 22 31 11 23 17 9 100 43 30 66 32 56 84 81 73 53 79 12 48 60 55 72 26 94 34 4 38 88 33 16 67 93 64 40 36 51 21 82 71 61 24 80 75 39 76 98 45 92 49 58 63 5 20 46 18 14 42 90 74 19 8 50 28 54 65 69 87 35 44 41 77 3 52 96 29 10 59 99 62 47 86 2 83 70 85 97 37 25 89 13 91
59 81 8 80 96 74 83 15 22 40 70 56 38 44 71 36 64 89 60 21 47 84 17 51 18 39 95 27 62 46 37 63 48 93 76 19 28 88 5 26 3 23 30 86 32 45 7 31 14 9 66 2 4 53 29 34 99 54 13 82 55 94 68 1 61 79 69 10 20 92 35 57 25 42 98 75 77 6 85 100 58 11 52 72 41 91 49 97 43 87 65 90 67 16 50 33 12 73 78 24
61 55 58 39 7 82 79 67 90 25 32 40 64 75 100 50 5 68 16 8 3 27 78 35 21 9 81 91 34 22 87 96 92 33 23 73 14 77 37 26 80 41 46 6 28 83 10 19 31 63 1 69 98 95 60 38 52 88 4 94 2 59 36 85 74 86 42 44 76 45 43 13 48 49 20 54 30 66 24 29 11 93 99 65 62 89 51 15 17 97 72 57 18 71 70 56 12 53 84 47
73 45 8 5 61 30 32 80 79 78 26 72 15 29 86 28 2 6 63 27 52 13 17 64 75 3 23 38 68 41 1 24 99 25 47 98 82 19 22 91 57 16 51 11 46 7 34 55 66 39 31 65 97 74 71 33 96 53 58 9 70 4 43 84 85 20 77 56 88 37 36 81 87 49 42 35 54 92 50 69 59 44 93 100 21 76 62 60 18 90 83 40 48 95 67 89 14 12 10 94
34 58 79 29 18 48 70 25 82 17 15 60 95 38 93 53 21 73 68 64 84 14 19 35 52 78 89 46 87 43 69 65 6 74 2 76 40 54 27 30 9 57 62 63 12 13 23 99 91 5 44 92 100 59 96 86 45 24 88 10 90 1 33 49 3 77 97 98 81 7 37 39 32 42 56 41 71 94 28 31 85 16 4 50 55 36 20 80 22 75 26 51 47 83 72 66 8 61 67 11
6 96 26 75 90 57 37 76 60 24 69 4 11 38 43 29 40 54 94 65 66 100 91 63 92 5 87 55 47 78 82 61 32 51 99 86 12 36 93 27 59 88 81 8 2 42 18 80 44 52 73 53 35 25 20 89 98 9 17 31 79 34 48 45 21 28 10 3 64 46 1 70 23 62 72 33 85 95 19 30 22 39 14 49 7 50 13 16 15 77 74 41 58 71 67 68 56 97 84 83
70 53 30 3 49 62 20 7 45 92 97 50 82 86 65 72 23 83 22 14 40 2 80 85 98 9 68 37 81 13 36 31 79 55 95 24 96 58 54 59 84 25 63 29 11 46 21 26 5 88 41 6 57 48 1 34 100 18 8 91 10 60 32 44 19 28 61 52 99 90 87 73 16 76 35 56 12 69 51 4 42 47 43 71 27 33 67 93 74 89 78 39 77 75 94 38 66 64 17 15
7 72 44 39 19 15 66 47 57 98 76 55 63 83 81 61 65 68 23 33 93 43 21 82 22 100 94 8 10 73 67 12 9 27 37 54 58 52 13 14 69 79 5 25 49 77 24 40 6 2 18 84 4 42 97 59 30 16 20 64 87 31 92 36 53 74 85 88 35 51 91 34 95 32 41 75 86 80 17 28 48 11 29 1 45 78 71 50 56 60 38 90 89 99 26 3 96 70 46 62
14 76 56 79 29 62 37 25 10 5 71 54 27 40 57 48 13 51 32 43 90 91 34 82 41 66 59 52 58 72 42 17 20 97 78 83 86 7 96 24 63 3 47 77 15 99 21 33 100 81 73 19 67 31 85 50 61 26 22 80 2 68 9 38 28 11 87 36 65 64 94 16 70 35 98 89 23 75 46 44 69 1 39 92 8 55 45 88 74 84 93 53 12 18 95 60 6 30 49 4
34 37 29 14 64 38 15 78 31 100 40 83 50 95 25 79 17 28 45 91 18 87 21 12 4 46 76 94 54 24 88 56 20 73 57 16 55 82 2 39 68 96 11 10 60 52 84 80 99 48 26 22 43 98 77 36 62 9 61 69 59 49 8 86 53 42 30 23 33 27 70 93 89 66 65 92 7 58 97 35 74 90 44 5 13 32 67 71 85 6 3 47 51 19 41 72 63 75 1 81
41 35 47 92 93 44 77 20 39 53 59 73 82 94 62 16 8 81 57 31 84 17 98 58 66 42 48 67 88 86 55 70 64 68 3 60 34 71 29 12 96 40 25 1 49 56 54 6 91 37 45 5 78 97 80 72 76 95 4 52 11 14 43 61 32 85 19 83 74 30 100 26 2 38 22 50 7 90 89 21 99 28 9 13 46 36 51 18 10 15 33 75 27 23 24 79 65 87 69 63
94 28 7 46 50 73 56 87 3 88 2 33 93 1 41 76 80 25 44 17 11 30 96 89 53 24 85 57 84 75 9 36 5 62 29 86 14 69 97 99 35 67 8 65 38 26 66 74 58 45 4 42 55 100 23 34 27 61 59 54 98 10 12 78 40 72 37 71 47 64 32 20 22 90 48 13 16 49 70 63 92 81 82 43 39 68 52 79 95 77 51 31 15 83 60 19 6 91 21 18
43 7 42 11 34 37 93 79 44 72 54 20 9 59 65 63 21 62 28 74 32 89 23 76 10 29 51 83 52 24 77 30 61 80 41 17 5 19 68 94 73 39 99 55 98 13 100 46 50 60 87 6 71 1 26 64 78 85 3 49 12 40 38 36 67 18 4 90 84 48 47 53 70 27 69 75 33 2 92 66 58 57 97 22 81 56 14 25 86 45 91 95 35 88 31 8 96 15 82 16
82 71 86 15 81 78 48 77 100 30 17 96 47 99 75 68 4 84 62 51 36 31 61 69 73 46 12 37 8 98 28 59 29 83 54 93 21 34 55 56 35 9 19 43 90 2 49 91 60 53 74 7 79 10 52 44 76 66 22 25 92 11 23 40 42 6 1 97 13 67 50 45 58 3 27 24 57 32 80 39 88 89 14 33 72 64 94 63 16 26 95 20 18 70 38 41 87 65 5 85
42 3 92 67 48 61 96 1 84 24 98 22 35 94 37 62 66 5 10 70 76 13 81 80 54 40 29 18 56 15 27 77 26 64 71 2 16 39 9 68 28 86 85 60 17 46 36 97 51 4 65 53 82 7 78 32 91 73 72 63 87 43 41 34 52 11 47 21 33 31 49 55 58 93 45 57 6 95 89 59 74 88 69 14 90 44 75 8 19 23 12 79 30 38 25 83 99 50 20 100
95 61 39 40 38 88 93 85 33 51 98 60 68 63 20 45 35 92 4 9 79 14 17 8 55 66 37 54 2 7 99 13 70 75 87 89 36 12 32 49 41 10 24 43 31 57 34 62 73 96 74 80 82 27 25 19 42 5 56 44 28 100 11 53 59 67 21 16 58 22 69 3 46 65 78 94 90 6 47 76 97 84 50 71 48 81 91 30 29 72 52 26 83 1 77 15 23 64 18 86
37 22 24 20 34 29 42 78 52 80 14 55 73 88 19 39 30 4 15 95 46 58 45 98 50 63 12 40 84 93 90 49 64 16 81 86 6 59 28 5 97 87 79 38 57 41 61 89 71 47 66 69 23 31 92 51 10 68 60 74 54 36 70 11 44 85 75 91 56 76 100 8 33 77 21 53 26 35 32 9 25 3 94 99 82 72 13 27 62 83 7 96 17 18 43 1 2 65 48 67
29 93 55 44 62 10 42 84 38 56 59 69 79 51 8 16 21 61 60 95 82 77 26 99 47 54 11 94 66 39 18 75 87 5 85 30 76 22 33 78 98 31 58 65 41 49 92 57 20 15 36 86 1 6 35 72 97 53 71 27 70 3 73 88 89 19 37 46 7 32 100 64 45 80 91 28 43 74 17 13 4 68 14 67 83 9 2 81 50 96 63 12 23 24 90 34 48 25 40 52
16 47 34 86 100 82 33 1 45 30 71 26 37 80 97 4 98 63 78 58 69 57 10 3 48 42 90 76 73 77 19 13 99 15 50 29 8 46 93 28 75 25 95 32 65 61 96 9 66 89 21 20 94 23 18 14 44 31 83 39 35 56 85 91 5 60 11 27 22 84 51 17 70 72 88 52 43 67 12 7 53 55 79 36 81 49 92 2 62 87 38 40 41 74 24 59 64 6 54 68
63 75 83 35 20 13 88 90 57 71 74 49 5 3 76 26 81 72 66 95 38 27 12 1 100 2 77 82 23 68 61 96 89 25 60 51 19 54 70 97 78 80 21 56 40 37 58 45 39 31 65 91 7 73 30 24 94 17 50 16 52 99 28 53 4 92 67 43 32 15 85 10 8 69 36 9 47 48 18 84 34 44 93 79 6 46 62 22 29 55 33 11 14 41 98 42 87 86 59 64
19 18 92 61 24 56 26 85 47 76 94 2 95 46 6 3 84 52 36 77 17 81 91 11 82 38 37 48 93 79 87 45 13 41 89 55 44 57 98 75 58 83 25 34 16 71 97 65 23 78 68 53 14 70 73 74 8 62 21 66 54 100 80 12 5 7 27 50 72 90 15 32 22 96 33 9 40 4 88 42 67 86 1 43 63 31 10 99 35 28 60 49 39 51 59 30 29 69 20 64
35 77 86 88 38 95 60 14 17 4 65 70 83 25 48 32 90 33 61 28 18 73 37 76 3 43 8 66 44 74 68 51 58 63 2 19 82 94 12 79 84 54 80 69 91 53 78 100 92 62 99 46 96 16 87 72 34 30 59 29 64 81 52 47 45 26 75 41 11 20 50 31 49 97 10 9 13 57 23 6 39 1 21 89 71 27 22 85 36 56 7 5 15 40 42 55 93 67 24 98
87 18 26 99 83 51 45 25 48 55 65 58 41 54 93 15 63 94 14 24 85 37 74 30 89 95 3 88 49 100 21 20 98 80 8 79 76 70 60 2 11 66 72 12 40 67 33 23 5 42 10 78 46 82 97 68 57 86 81 75 69 28 34 71 56 29 64 73 92 59 9 7 4 53 19 96 91 61 16 50 6 77 52 62 22 90 84 32 43 31 27 47 35 13 38 36 44 39 1 17
52 91 99 66 53 42 71 15 73 22 68 23 36 94 61 3 64 78 9 76 37 10 31 57 56 89 2 13 20 67 40 87 28 26 62 33 60 39 72 12 92 81 97 32 51 29 63 83 8 100 46 16 14 75 47 34 27 35 59 44 17 24 54 6 84 79 80 93 43 1 48 4 95 90 18 98 85 38 96 65 30 74 50 21 82 70 86 58 69 49 19 7 77 41 88 55 45 25 5 11
93 31 15 84 60 1 72 66 12 27 83 36 34 73 78 41 74 43 97 30 45 18 86 64 54 76 29 40 14 53 96 21 38 82 10 87 88 62 50 23 61 17 24 90 47 71 46 67 49 59 33 81 68 5 95 16 20 25 91 44 6 70 58 28 92 48 51 22 52 69 63 65 7 80 79 13 98 99 85 11 55 4 8 94 56 9 100 75 26 32 3 35 57 37 89 39 77 42 2 19
19 89 27 38 36 3 18 52 4 90 24 75 100 55 98 14 73 29 34 94 28 67 15 92 35 37 23 71 56 91 60 20 53 10 1 30 87 49 5 45 6 63 61 88 78 85 93 68 96 80 26 33 86 46 44 42 69 62 31 21 40 2 64 74 12 57 13 83 59 65 17 54 25 41 22 99 66 9 76 95 97 32 70 8 50 81 48 77 79 16 39 82 7 43 11 47 51 84 72 58
6 90 97 80 88 87 22 32 58 44 93 27 55 9 78 16 12 84 76 59 1 36 92 67 50 73 11 57 34 54 72 86 79 14 83 35 20 5 95 4 48 100 75 2 26 24 10 85 25 70 94 96 68 71 69 17 99 30 77 13 81 42 8 40 38 91 43 41 52 49 56 82 65 60 45 63 19 51 18 37 53 23 29 74 21 46 64 15 61 89 33 7 66 47 28 31 39 3 98 62
30 45 96 63 18 93 37 99 78 89 35 69 3 39 11 47 60 74 53 43 28 5 64 70 34 36 29 88 9 7 16 48 33 42 95 68 19 46 65 2 1 61 32 50 14 22 58 67 54 57 75 82 41 6 80 100 51 56 21 25 86 59 83 94 77 24 90 12 52 4 97 23 91 31 62 85 17 92 79 66 98 44 40 38 72 27 84 73 49 71 26 76 55 15 87 13 81 8 20 10
88 43 93 12 18 3 99 94 91 21 71 25 55 28 30 98 78 56 47 32 83 44 69 17 31 95 39 7 86 85 27 51 70 40 15 29 79 61 36 96 14 42 54 10 82 100 16 97 33 38 58 52 63 23 81 41 68 13 87 89 73 64 84 19 62 45 77 65 60 37 57 76 6 59 80 53 50 34 11 5 49 1 35 24 8 90 2 67 20 9 92 75 72 22 4 48 74 46 26 66
72 17 68 59 22 91 13 38 82 73 45 86 3 1 11 60 27 63 24 76 55 99 23 92 81 40 97 78 47 57 87 62 79 21 44 29 41 5 93 70 48 32 36 18 46 2 84 66 95 69 15 50 89 49 30 43 98 26 12 54 7 6 77 20 71 90 100 64 51 35 94 19 96 33 56 39 14 83 28 58 42 88 85 9 61 37 25 67 8 74 80 34 75 65 10 52 53 4 31 16
11 53 81 45 37 15 93 23 42 69 20 90 24 88 2 59 54 80 72 63 70 100 38 82 14 94 58 13 51 30 79 73 5 46 91 50 19 92 52 7 98 21 18 17 64 10 26 41 16 44 85 60 97 99 78 9 95 74 62 76 49 12 8 77 28 48 22 47 66 29 75 67 4 65 71 56 25 89 83 84 39 6 36 57 32 35 43 55 40 27 87 31 68 34 61 86 33 3 96 1
92 21 46 56 63 94 13 43 91 32 23 100 11 41 64 49 26 86 72 66 84 18 75 36 96 39 6 9 57 95 98 44 60 62 61 71 89 30 45 16 31 76 33 47 27 40 37 99 81 88 4 58 69 17 19 1 8 24 77 82 93 97 67 53 74 78 50 20 80 55 15 28 35 83 52 90 3 22 85 68 29 7 12 25 87 48 59 79 65 70 54 10 73 34 2 42 14 5 51 38
91 19 63 46 85 48 96 13 9 87 15 33 94 25 50 79 95 77 67 59 86 21 75 45 20 80 44 10 73 27 54 26 35 4 57 16 8 82 30 22 34 64 53 98 41 49 29 51 39 43 7 99 6 90 88 93 74 2 5 18 17 1 71 60 28 68 56 97 92 47 81 36 58 3 70 66 61 62 38 12 31 83 23 40 52 84 69 24 11 32 76 89 55 42 78 72 100 65 37 14
23 3 71 98 30 94 54 18 52 42 28 66 12 51 35 17 2 79 81 11 32 33 47 43 73 84 63 40 39 38 82 95 4 56 64 70 76 36 89 93 1 97 5 96 49 53 83 13 44 34 75 6 57 15 45 65 20 14 55 25 86 74 59 37 9 77 90 22 72 91 21 85 16 88 7 68 29 60 87 50 61 8 62 26 27 19 100 41 24 69 31 58 78 99 92 80 67 10 48 46
22 18 4 48 73 47 62 100 49 46 16 59 94 81 77 92 78 51 96 41 43 76 13 42 25 56 17 63 88 12 61 1 57 31 27 54 58 3 8 2 5 95 71 35 10 11 50 83 74 60 38 82 45 66 68 53 29 55 70 37 85 52 97 80 64 9 28 89 20 21 36 69 99 79 19 6 23 32 34 24 72 75 33 30 39 84 7 91 14 44 98 40 87 15 93 86 67 90 26 65
53 3 52 86 22 25 9 93 38 89 17 31 6 29 90 46 19 43 94 30 42 61 24 80 91 84 39 41 36 40 88 99 72 78 7 71 34 98 87 63 77 45 82 51 47 59 75 49 76 27 16 58 44 4 26 57 23 20 66 10 14 28 5 48 64 60 8 21 69 56 81 68 12 54 62 74 15 33 35 95 97 100 65 13 2 11 32 96 85 92 50 73 1 18 67 37 79 55 70 83
8 25 22 31 38 5 11 53 59 89 45 69 88 42 32 46 68 3 55 44 75 84 24 4 17 71 72 81 74 16 94 57 51 7 43 1 90 23 20 85 35 21 12 33 70 13 98 83 76 14 73 86 34 40 47 36 60 99 79 95 67 62 19 65 56 93 6 15 9 61 63 28 66 39 77 82 97 37 96 48 41 87 18 10 64 92 29 27 78 50 30 49 58 80 100 52 26 54 91 2
71 52 94 91 63 65 82 41 58 81 97 36 20 72 83 42 22 40 66 60 26 61 56 51 17 9 45 99 55 27 64 19 78 44 76 84 34 88 23 39 96 24 79 16 35 50 89 21 93 29 43 13 25 31 73 47 32 100 67 6 75 90 1 3 62 95 30 11 33 86 12 70 46 7 4 53 69 59 10 92 15 48 57 28 80 85 5 8 37 74 38 68 77 49 14 54 98 87 2 18
4 1 50 14 63 84 59 51 94 9 67 34 41 71 23 66 73 79 57 49 31 76 11 19 36 88 42 20 43 65 2 75 5 47 22 25 77 30 37 35 95 72 18 32 70 91 10 16 89 83 58 15 21 29 38 26 87 24 98 64 17 33 52 78 97 90 3 39 56 55 92 74 68 45 13 99 48 7 27 80 53 40 100 60 46 61 62 69 86 8 93 85 81 96 6 12 54 44 82 28
61 59 49 87 93 58 78 88 47 51 31 10 5 16 11 1 6 29 92 91 22 77 57 35 46 7 73 24 98 14 52 56 69 40 13 55 65 25 17 50 97 9 90 8 27 26 3 21 34 38 62 2 32 100 37 89 64 41 18 4 60 23 75 63 82 81 99 39 67 72 86 53 20 15 85 70 94 76 68 74 30 71 79 54 83 45 84 36 19 95 80 48 44 28 66 43 33 12 96 42
18 68 60 20 31 7 87 45 22 29 34 4 48 49 77 76 72 17 1 25 100 52 82 98 55 33 93 88 79 51 9 12 27 30 8 2 44 46 91 95 32 94 78 26 10 43 35 42 50 13 6 23 73 64 89 3 70 97 71 74 54 67 86 84 53 37 63 96 24 38 57 28 39 36 80 83 61 19 62 14 56 85 69 21 99 92 15 41 75 65 5 90 40 59 47 81 66 16 58 11
61 37 22 33 95 48 87 35 20 52 42 7 18 94 91 64 43 32 36 8 96 98 92 54 75 77 17 3 68 15 90 28 99 57 50 51 23 21 60 56 13 85 27 82 93 65 34 88 12 46 80 9 84 11 26 86 16 55 73 25 40 30 19 24 67 62 10 72 31 39 66 71 38 2 70 14 1 89 47 97 44 45 5 79 6 53 100 49 81 59 83 76 29 58 63 69 41 4 74 78
86 18 22 45 71 87 50 77 16 99 74 3 35 19 24 79 78 37 21 100 60 36 2 85 43 97 13 64 29 27 51 1 17 33 94 75 73 26 91 25 96 68 12 93 46 28 30 67 15 55 49 20 7 54 65 42 53 88 34 82 44 89 52 5 38 48 80 11 32 6 47 92 31 23 95 39 83 98 58 62 8 41 66 57 70 72 4 10 69 61 56 59 40 9 84 81 14 90 63 76
6 11 22 54 7 37 13 65 47 31 45 44 21 34 86 27 32 67 35 63 17 3 75 68 50 64 89 52 91 43 10 15 59 83 26 30 12 42 60 79 96 40 41 18 62 33 9 56 84 23 39 76 100 29 80 51 19 98 77 85 95 48 66 5 74 36 99 49 97 38 69 93 58 2 87 57 92 61 78 28 25 70 1 24 94 81 82 4 72 46 16 20 55 53 8 73 71 14 88 90
97 14 38 10 1 17 43 19 71 57 13 89 12 53 60 7 84 58 93 26 94 92 35 3 23 30 82 31 34 11 69 85 49 50 44 20 45 4 15 80 40 37 78 18 9 68 75 22 32 65 90 88 83 63 47 2 51 67 64 76 39 100 33 6 24 29 99 36 91 21 66 52 96 87 70 86 98 59 61 74 27 55 77 5 28 95 62 25 48 81 42 72 54 46 73 41 16 8 79 56
83 90 36 32 68 94 8 23 87 6 2 51 34 70 12 46 49 30 66 67 100 80 91 53 22 65 45 3 77 72 71 17 40 86 57 56 4 96 28 1 64 52 35 43 9 41 59 75 76 44 99 39 55 42 69 16 81 88 33 79 38 89 73 97 25 19 60 31 84 20 92 11 82 7 85 50 18 58 15 10 95 21 93 48 13 98 62 5 78 27 14 54 37 74 47 29 24 26 63 61
84 22 59 13 94 82 65 86 83 25 50 88 81 17 45 91 75 49 43 74 36 92 2 24 11 37 21 41 52 99 67 10 3 53 47 96 100 62 23 54 77 34 16 72 68 20 14 87 78 40 29 55 31 90 27 69 15 60 4 19 98 93 6 26 9 32 28 89 57 48 8 51 5 30 56 71 44 39 95 85 33 35 66 38 18 7 42 76 73 63 79 70 80 58 46 1 12 97 61 64
4 43 5 59 38 52 28 44 79 48 50 17 6 70 16 95 69 99 81 27 23 64 39 49 97 72 55 73 3 57 19 96 90 71 18 2 20 78 75 53 76 26 31 25 88 74 98 35 47 60 37 89 94 82 22 77 83 66 62 14 61 54 10 24 100 8 1 40 85 30 80 9 91 7 92 33 67 65 86 56 11 46 32 13 45 36 58 84 21 42 12 68 34 63 29 93 51 87 41 15
55 45 9 67 93 65 5 27 13 30 100 83 39 21 74 23 63 87 19 59 32 29 60 2 56 57 43 94 41 98 7 36 17 77 97 26 4 99 85 71 49 91 64 11 24 53 25 73 35 70 88 52 22 34 50 38 96 37 18 90 46 89 15 6 76 68 1 54 47 12 40 80 20 92 28 14 66 48 72 58 44 61 10 81 42 8 75 79 33 16 86 82 78 95 51 31 62 3 69 84
32 13 81 16 80 40 84 99 20 4 72 78 17 47 56 51 55 6 97 38 92 15 98 75 52 26 14 68 85 58 88 18 77 43 67 9 35 65 86 61 91 66 53 1 64 36 89 19 7 46 41 57 79 11 90 27 37 31 62 28 100 48 21 30 50 96 23 12 22 95 5 93 34 74 71 39 82 87 83 8 44 24 94 25 60 63 59 2 54 49 33 76 29 69 3 10 42 70 45 73
76 3 31 43 8 14 38 18 59 49 85 56 2 26 96 10 28 100 62 94 81 13 39 95 89 41 63 97 60 24 92 71 61 25 98 9 17 45 20 6 51 42 99 77 66 32 75 37 44 84 21 53 40 65 34 23 74 12 55 1 82 86 79 72 46 87 80 5 15 54 58 70 33 35 68 83 36 57 4 19 27 30 7 64 52 16 91 29 78 48 90 73 47 88 69 67 50 22 11 93
99 64 39 70 55 63 69 14 10 89 82 81 34 40 87 93 21 46 51 71 25 28 77 45 31 80 19 32 56 67 59 52 22 43 36 76 84 33 30 96 94 15 78 23 83 35 79 48 11 12 1 90 65 27 53 16 92 49 62 75 18 3 17 24 95 97 37 38 50 68 98 61 6 9 20 26 86 47 58 66 7 2 8 42 74 44 5 4 57 85 54 73 60 72 29 91 100 88 13 41
12 66 28 98 35 27 37 32 99 53 69 59 71 13 50 17 91 54 18 100 95 82 22 24 39 14 49 21 44 90 67 6 65 48 75 9 63 8 31 2 56 33 29 89 70 38 93 96 1 51 36 47 46 80 62 97 3 42 74 55 73 86 57 94 45 52 5 19 34 79 58 81 77 15 11 23 30 68 4 40 61 43 88 41 20 16 72 92 84 64 78 25 60 76 83 7 85 10 87 26
17 79 61 7 15 25 64 34 68 47 72 22 2 50 98 92 100 32 35 45 37 11 71 96 3 65 93 86 48 63 13 74 29 58 59 14 10 73 27 70 18 33 20 60 51 55 40 16 21 85 52 26 8 97 83 49 75 43 76 30 90 77 5 9 38 88 89 84 82 69 6 19 54 1 28 78 31 12 62 95 91 23 67 42 41 4 99 44 80 36 46 56 94 66 53 81 24 39 57 87
52 10 89 66 2 15 13 63 80 85 96 99 30 82 5 78 74 14 22 12 90 50 100 6 67 84 43 28 40 51 21 42 7 38 59 16 45 97 20 26 94 60 91 34 79 87 23 65 39 98 24 73 36 95 18 57 69 64 77 72 54 75 46 8 62 76 17 25 68 53 93 19 71 4 41 29 35 86 32 81 70 1 47 33 9 48 92 55 83 37 27 3 11 61 58 88 31 49 44 56
62 49 58 67 97 32 28 29 25 45 16 12 53 40 99 10 6 15 8 7 74 76 9 80 3 55 89 36 84 100 68 27 41 86 13 61 46 66 59 54 18 17 31 2 26 83 69 4 63 79 24 33 78 95 96 47 22 51 52 60 39 64 92 57 98 70 56 90 82 23 11 21 88 19 50 43 1 42 73 65 91 77 72 93 35 87 37 75 48 5 30 71 85 81 94 34 14 44 20 38
66 65 2 96 37 6 83 29 100 75 54 85 70 91 99 11 17 84 26 18 43 57 27 68 81 79 92 41 51 74 31 88 3 73 82 80 10 32 48 50 23 89 9 8 35 63 56 97 59 12 28 42 69 49 5 72 20 38 78 77 71 52 21 53 39 87 22 94 4 1 90 45 67 7 36 98 15 95 61 33 46 76 24 86 44 25 40 58 62 14 19 34 16 93 13 30 60 47 64 55
45 53 19 49 5 100 74 4 15 85 9 16 67 99 98 75 64 93 46 11 57 92 26 28 62 39 66 71 68 58 24 48 6 54 86 90 37 43 59 81 3 34 84 55 17 44 51 12 69 42 41 50 1 31 96 79 65 52 63 18 97 8 91 56 47 82 32 7 30 22 27 2 61 73 83 89 70 33 72 80 76 10 94 14 20 13 88 21 60 25 77 35 78 29 87 36 95 38 23 40
85 82 2 70 89 20 40 97 30 36 6 95 94 99 62 75 64 9 57 52 93 66 59 24 100 10 7 84 83 68 76 80 42 39 23 17 69 11 22 60 87 51 49 92 12 27 16 3 78 58 29 90 81 88 71 65 56 35 31 28 54 50 15 33 91 96 47 4 67 98 18 8 34 25 13 61 86 55 37 38 21 43 63 53 74 41 48 46 19 32 77 79 14 72 26 5 44 1 45 73
61 2 7 88 38 18 62 31 74 46 47 75 72 51 71 86 65 73 55 14 59 52 50 79 67 30 16 21 28 1 36 81 6 94 53 92 13 56 22 10 9 95 54 87 66 84 3 97 26 98 23 25 4 48 99 20 8 15 40 17 24 91 39 41 5 58 70 35 49 37 43 12 27 19 93 63 42 45 68 64 96 34 78 44 29 33 90 69 85 89 100 77 76 83 32 11 82 57 80 60
72 4 87 62 81 57 86 18 35 41 55 91 52 14 79 50 34 92 85 8 20 3 2 38 64 58 28 68 15 82 49 19 45 46 76 90 94 36 97 77 12 51 96 54 32 66 71 74 39 83 95 23 99 56 84 44 30 42 25 61 73 11 60 22 75 89 26 31 1 10 53 59 37 6 69 5 13 65 63 16 93 29 43 21 78 33 70 40 88 7 17 27 9 24 67 48 80 47 100 98
36 63 11 34 17 80 53 87 46 43 31 74 32 72 96 5 16 60 93 1 99 10 67 51 15 14 28 57 35 20 4 22 98 25 23 89 55 92 38 86 77 78 66 6 68 49 13 81 76 37 21 97 39 26 71 69 19 82 59 95 64 58 40 73 52 41 33 24 79 90 12 30 45 56 50 100 44 2 84 91 85 70 75 54 65 94 7 18 62 9 47 29 27 42 88 61 83 3 8 48
40 61 96 74 10 58 67 51 25 20 66 47 56 72 60 27 45 48 32 21 55 53 93 6 78 89 59 14 68 36 98 23 41 44 37 12 43 62 94 29 42 31 46 69 63 90 24 8 88 5 77 33 2 100 38 30 34 84 3 80 75 87 11 16 64 26 81 28 4 76 95 97 73 39 83 49 19 18 82 65 1 9 13 50 17 7 57 71 54 79 99 35 70 52 86 22 85 92 91 15
98 20 3 76 85 46 4 17 83 44 97 2 34 59 29 35 40 45 37 54 58 66 60 69 51 63 95 72 5 79 75 38 70 10 24 80 6 26 91 13 27 71 89 88 55 67 50 74 39 36 28 82 93 56 53 32 48 94 84 92 22 12 14 61 7 9 57 15 25 18 77 33 73 41 49 78 81 11 47 87 19 100 31 62 65 99 68 90 52 30 8 23 42 16 64 21 96 43 86 1
29 85 96 14 15 81 50 86 75 54 89 90 100 31 66 38 37 8 95 62 10 64 53 60 98 63 11 76 49 43 26 18 99 80 77 84 1 42 61 32 83 20 34 68 74 41 25 56 71 93 73 2 46 4 58 7 3 16 87 52 24 47 51 22 19 70 91 82 45 78 92 48 72 97 12 30 33 9 59 94 55 28 21 23 67 44 69 13 27 6 57 79 17 88 35 36 39 5 65 40
28 80 52 23 67 24 38 63 32 27 96 33 82 49 79 89 77 8 10 81 60 71 22 53 2 57 35 65 92 76 1 37 5 64 62 73 9 46 85 99 98 34 74 47 41 29 39 3 26 55 42 13 45 7 25 4 30 58 16 40 59 6 19 100 43 54 70 83 61 11 90 20 15 66 78 21 95 93 86 51 97 31 87 75 50 18 88 17 94 56 12 91 72 48 36 84 44 69 14 68
66 86 17 92 19 68 57 7 29 54 100 20 15 78 89 91 62 73 18 64 43 46 16 51 11 40 61 35 88 9 72 60 42 24 12 41 25 85 37 71 49 23 4 67 36 5 84 93 31 55 82 44 33 21 69 34 47 75 98 80 38 6 39 59 10 2 48 8 77 52 53 56 32 65 76 14 81 79 70 13 26 30 45 27 63 90 50 94 3 58 1 99 96 95 97 83 87 22 74 28
38 100 70 4 59 13 60 16 35 12 44 14 76 42 2 69 54 18 1 48 41 45 63 82 9 75 5 87 72 68 46 96 53 19 84 77 74 51 33 78 3 20 99 73 62 34 83 10 27 57 80 11 93 52 61 15 89 85 90 36 21 65 43 98 55 17 67 66 7 71 28 94 91 25 86 56 37 47 23 97 39 24 29 49 26 30 6 40 88 31 79 58 92 81 8 32 64 22 95 50
84 25 79 26 83 9 100 94 12 88 71 44 47 66 70 54 65 50 33 62 43 81 86 21 6 34 93 68 77 1 5 48 60 19 61 37 87 16 74 72 7 23 64 38 91 63 27 99 3 10 58 73 36 67 20 22 28 30 97 51 46 90 49 13 15 35 32 95 24 17 56 69 55 52 76 2 41 57 40 18 11 59 31 82 8 80 53 4 42 89 98 14 85 92 45 39 78 75 96 29
83 92 78 57 53 18 7 81 25 69 33 32 19 76 44 68 14 47 77 84 36 97 23 10 94 54 45 99 3 28 29 34 61 24 5 30 93 16 74 20 37 82 4 2 50 79 66 8 63 86 91 88 80 72 96 75 64 1 98 22 42 12 90 15 60 46 41 56 49 6 11 67 89 71 27 39 65 21 87 35 40 73 48 13 51 58 62 100 52 70 9 85 31 38 43 95 17 59 26 55
52 91 26 44 69 5 89 48 31 93 71 51 16 39 35 3 78 42 64 84 58 40 62 24 37 97 76 99 57 34 41 25 29 70 23 79 22 21 6 14 90 81 60 36 49 30 47 1 7 18 66 59 11 92 56 4 32 68 83 46 45 77 28 75 74 86 33 94 73 87 53 9 100 50 10 85 67 19 2 82 88 54 72 65 20 8 38 61 12 55 80 15 98 27 63 43 13 95 96 17
31 89 63 15 79 25 66 82 93 1 47 70 75 33 21 74 6 76 27 51 44 69 71 39 99 64 87 16 73 14 96 58 46 40 22 24 77 72 91 43 83 8 9 41 80 11 52 54 37 26 34 5 55 50 98 35 68 49 4 85 2 3 53 32 29 81 23 10 17 42 88 100 92 62 56 20 18 28 19 13 84 61 7 38 12 45 95 97 78 94 60 86 67 36 65 59 57 48 90 30
77 69 50 94 14 83 68 4 20 88 72 57 64 54 31 95 53 76 82 46 45 43 3 8 18 84 85 2 80 41 66 67 33 78 99 81 97 48 10 28 65 91 40 21 32 42 87 26 29 5 55 39 30 75 25 89 47 51 6 71 96 52 92 58 61 79 24 16 13 11 63 37 59 34 62 74 98 100 15 22 19 7 9 38 35 49 86 17 23 44 56 36 70 93 73 27 1 12 90 60
38 18 15 26 48 5 63 52 85 89 45 61 78 59 22 67 56 14 6 53 79 42 65 40 7 46 91 80 11 49 86 68 35 100 34 82 98 12 4 88 54 92 93 21 10 62 50 17 9 99 32 29 24 20 55 83 19 81 28 43 69 41 73 87 51 16 57 36 90 60 75 39 44 31 3 71 8 47 74 23 94 76 58 66 30 70 84 77 1 25 95 97 96 27 64 13 2 72 33 37
68 73 5 56 21 15 43 34 74 13 98 84 82 80 28 22 39 72 29 19 79 40 83 8 24 58 95 20 91 96 33 1 93 65 60 75 48 64 78 45 25 70 88 31 12 14 53 66 76 2 51 10 67 36 26 27 37 57 9 50 94 47 69 62 46 61 87 49 97 3 99 35 89 7 16 100 44 71 17 59 85 42 41 90 92 6 77 54 23 11 30 52 81 32 86 55 18 63 38 4
5 62 90 94 10 26 69 47 1 89 2 18 55 15 58 9 7 64 27 29 74 86 16 87 44 85 83 56 8 97 14 24 75 3 96 32 67 52 48 21 84 100 92 60 61 49 95 65 53 54 19 36 4 79 66 25 80 99 38 73 45 82 11 28 37 51 13 71 20 34 33 77 93 17 30 41 35 76 12 23 63 81 39 42 98 40 6 70 50 57 43 46 22 68 78 91 88 59 72 31
83 94 59 79 41 12 53 34 46 73 22 58 89 17 57 42 64 82 31 11 62 100 87 52 92 19 90 71 5 69 98 39 76 4 45 95 26 56 13 80 72 28 29 74 55 32 43 40 78 18 14 21 77 30 37 49 33 27 65 8 1 6 15 93 23 88 10 54 25 3 85 97 35 7 75 63 99 61 68 86 66 91 60 38 50 51 16 20 84 36 96 67 70 44 81 24 2 48 47 9
62 28 3 77 15 94 50 85 22 67 5 73 60 7 6 11 100 81 75 87 2 34 31 29 4 96 20 26 33 36 88 80 42 65 58 23 56 24 19 16 21 18 78 17 9 82 1 69 43 66 13 45 12 30 72 98 41 25 48 93 97 10 51 32 37 35 76 92 53 46 47 39 57 55 70 44 89 99 83 91 64 49 8 68 84 74 71 79 90 86 61 54 63 40 38 95 27 14 59 52
98 46 66 30 67 62 53 59 96 100 1 89 93 58 99 75 8 74 21 6 22 48 65 87 80 79 38 26 84 70 92 49 12 73 17 52 24 94 83 39 64 91 69 42 44 5 82 34 81 78 45 72 40 43 28 95 3 76 16 2 41 86 97 11 27 54 57 61 33 23 50 9 60 88 19 36 7 25 55 71 14 18 63 10 32 4 56 20 68 37 31 51 47 15 35 13 85 77 29 90
20 97 45 54 66 50 8 79 70 71 87 15 7 88 44 31 59 92 64 51 81 77 49 93 53 52 2 72 34 68 63 67 47 22 25 60 36 83 61 85 28 16 5 82 29 24 33 91 99 74 38 46 17 65 26 100 94 86 84 1 56 13 41 21 37 89 23 98 43 32 48 35 96 12 90 57 62 3 18 58 40 30 80 75 39 55 69 42 11 73 76 9 95 27 4 10 14 78 19 6
8 67 3 58 64 79 71 38 19 90 30 13 93 14 23 41 9 39 66 6 32 47 15 92 25 57 76 99 74 50 46 29 68 40 56 17 45 42 24 54 16 73 80 43 12 35 51 52 62 97 60 61 88 94 7 1 100 65 5 59 84 96 86 21 33 53 49 22 48 44 72 69 83 11 77 81 27 70 20 34 28 2 87 31 78 37 98 89 10 91 63 75 95 82 55 4 36 85 18 26
74 52 28 43 34 50 83 46 57 73 40 86 15 71 72 20 88 6 48 30 18 14 69 2 38 75 84 61 17 24 100 99 42 36 59 27 32 79 8 3 9 78 68 89 16 26 66 11 37 7 23 80 12 4 5 1 77 70 22 65 95 85 90 13 45 19 76 47 33 92 94 97 21 62 93 58 41 56 81 96 82 63 91 44 51 98 35 31 87 55 53 10 29 67 25 54 39 64 60 49
62 94 10 45 64 75 43 4 9 29 31 21 76 23 32 84 89 3 35 68 77 85 15 87 6 40 67 74 11 92 78 33 22 1 18 27 55 52 44 12 59 96 28 17 37 51 2 26 24 8 93 88 91 61 70 83 98 7 65 13 30 39 16 5 69 46 100 48 60 14 49 81 99 63 34 57 36 73 86 66 95 80 90 97 56 72 50 19 20 82 47 58 25 41 42 38 79 53 71 54
86 3 41 69 14 4 31 73 83 27 36 82 65 40 77 88 6 64 10 63 79 45 54 74 81 43 76 21 98 26 100 19 5 95 28 87 80 39 47 57 30 22 53 42 9 70 48 8 2 67 72 37 89 20 85 84 49 44 56 96 1 13 75 15 35 46 7 33 61 55 92 11 99 24 25 50 34 78 17 59 90 58 62 16 93 18 94 38 97 51 71 32 52 66 91 68 12 60 29 23
68 19 66 32 45 93 59 1 42 65 52 78 76 57 91 58 88 77 49 12 51 38 64 95 8 98 36 27 74 39 72 18 41 99 31 82 79 96 35 86 13 94 7 14 61 2 24 20 80 100 6 75 70 25 90 53 85 9 15 97 55 40 56 28 4 5 54 62 17 89 71 34 21 43 84 50 26 23 73 3 83 67 87 22 10 48 69 60 37 29 92 44 30 63 16 11 46 81 47 33
90 57 69 5 93 45 59 23 39 12 49 40 20 53 24 6 33 73 100 34 89 38 72 98 80 94 15 43 18 56 28 3 9 52 71 75 84 1 29 27 92 16 60 83 82 74 26 11 48 25 42 50 81 51 41 36 63 78 97 58 19 85 61 31 70 54 55 30 91 21 35 7 64 4 10 66 65 76 8 79 88 44 46 2 17 96 87 14 95 13 86 99 77 68 47 37 32 22 67 62
5 46 37 21 23 38 44 81 34 14 8 15 67 3 26 59 20 64 62 70 6 68 11 35 88 78 10 28 29 9 72 74 30 94 27 25 73 83 91 93 55 63 71 56 82 58 75 61 86 66 42 77 16 87 60 80 43 50 13 90 57 51 85 76 84 65 17 95 69 100 1 99 40 41 36 12 22 96 19 54 39 4 2 45 49 79 24 32 18 33 7 53 52 48 31 92 89 97 47 98
49 44 24 81 100 11 69 35 82 70 53 58 32 85 2 1 52 41 92 79 90 13 29 62 33 75 50 80 15 16 46 12 10 84 20 21 59 27 57 28 38 86 51 54 22 26 61 72 76 56 17 34 40 67 18 97 89 91 99 87 6 31 55 65 93 98 73 19 96 48 8 88 4 68 63 78 3 23 36 64 47 25 7 37 9 83 39 60 42 71 77 45 74 5 30 94 14 43 95 66
43 60 33 36 85 89 42 78 13 12 24 39 88 26 22 5 15 2 6 63 68 86 19 90 94 28 92 79 35 67 49 9 96 71 11 54 7 50 70 34 40 31 83 45 59 4 55 18 87 91 53 76 44 62 58 100 93 84 64 81 27 23 52 80 38 51 69 30 74 48 97 56 21 32 14 99 17 29 66 37 77 95 3 8 41 82 98 20 72 73 25 16 61 46 75 1 47 10 65 57
46 10 2 85 33 81 53 16 68 31 52 17 50 21 63 18 3 45 25 93 54 51 80 56 4 72 28 14 64 1 74 43 22 62 39 97 49 40 77 37 30 87 27 58 67 98 23 86 41 7 100 42 19 48 44 60 5 89 91 75 65 29 15 61 6 71 47 26 88 70 32 12 78 59 79 92 66 13 35 34 8 69 95 55 83 82 84 11 90 96 57 38 24 9 36 20 73 94 99 76
66 90 97 30 3 38 21 99 68 58 69 18 47 55 96 36 19 35 13 37 50 45 54 40 34 79 32 92 5 48 94 29 26 81 74 15 57 25 73 63 10 72 91 77 11 7 93 1 2 95 27 6 9 71 56 33 82 22 80 39 31 23 52 88 8 14 62 51 87 59 65 17 24 4 49 83 70 46 67 28 44 86 85 64 16 100 53 61 78 42 89 43 60 75 41 20 98 84 76 12
30 22 66 57 8 28 5 98 24 51 36 44 50 6 75 100 64 97 38 80 48 69 23 65 62 78 31 1 73 47 9 53 35 63 86 15 72 93 87 94 11 55 27 77 67 32 20 79 19 76 4 34 95 61 81 25 26 71 84 39 45 43 54 91 2 88 33 21 68 58 49 41 7 42 59 83 12 13 70 14 37 16 74 40 92 10 96 82 18 90 60 99 56 52 46 89 3 85 17 29
73 47 91 84 4 41 17 83 37 65 75 35 36 53 93 21 23 43 40 90 88 99 95 70 100 10 86 15 2 1 67 3 51 74 32 71 30 55 22 44 72 81 29 94 16 19 39 13 98 46 24 62 25 5 6 50 57 38 52 33 97 96 66 26 76 8 61 78 59 64 48 12 77 82 9 69 89 11 63 58 87 27 20 85 49 34 14 92 42 60 7 68 54 56 79 18 45 28 80 31
79 67 57 11 86 53 35 22 80 62 1 97 38 28 84 92 31 25 47 72 58 37 91 13 89 51 30 10 12 15 19 6 99 100 14 81 39 9 43 77 83 8 56 73 96 27 46 82 2 23 36 4 52 48 70 26 44 5 29 68 65 85 33 93 75 90 40 3 45 63 54 74 18 21 69 34 71 94 76 50 66 95 55 20 98 88 49 61 16 78 17 60 7 59 64 87 24 32 41 42
91 36 67 20 81 79 29 84 64 41 92 50 71 68 37 12 21 69 26 99 23 40 42 98 49 51 43 80 48 2 82 45 11 59 86 34 96 77 57 27 63 54 83 61 31 32 39 62 87 73 33 7 58 44 85 76 93 16 60 13 52 78 38 30 9 90 3 94 89 28 47 4 55 65 18 46 5 56 35 88 15 70 6 19 75 66 25 72 1 74 53 97 95 10 8 22 100 17 14 24
1 79 17 94 47 63 83 57 59 35 91 55 64 21 5 20 6 9 8 98 3 99 72 54 42 90 86 16 69 51 60 18 33 13 50 22 97 81 34 76 25 27 56 15 67 48 78 7 74 41 44 19 93 45 96 84 26 2 46 88 71 14 28 75 11 95 10 70 36 4 68 43 87 80 37 100 77 49 62 32 40 73 39 66 58 23 82 85 65 53 12 61 38 24 89 30 92 31 29 52
43 11 71 23 30 85 26 42 57 19 92 28 56 1 31 51 7 9 84 38 2 63 68 24 39 100 37 66 99 90 77 78 12 45 75 58 80 21 32 22 10 82 46 41 83 20 86 55 4 5 64 25 70 36 72 69 35 87 52 73 53 29 54 40 93 27 91 50 61 14 34 8 89 79 88 67 60 81 74 33 13 44 3 94 97 62 65 47 59 15 49 16 48 18 95 96 98 17 6 76
17 63 26 96 29 23 12 21 77 59 4 30 42 61 58 54 38 50 20 51 9 34 3 76 95 80 36 79 70 2 57 82 60 39 74 43 55 81 72 6 85 11 28 10 64 13 89 75 19 92 99 1 69 98 97 68 100 44 40 86 35 48 8 15 5 49 32 93 90 24 31 65 18 94 53 67 25 16 78 33 46 41 47 91 37 73 27 87 45 56 14 88 66 22 62 71 84 83 7 52
30 71 3 82 26 29 13 5 6 95 48 40 60 59 78 97 52 53 12 72 70 74 18 14 56 46 99 66 7 58 35 2 33 50 100 77 36 49 4 73 31 86 98 84 11 67 90 88 69 42 81 57 9 28 61 37 34 45 89 83 85 76 10 16 64 17 54 25 19 65 68 92 87 1 96 27 51 20 91 94 47 63 21 8 23 24 41 32 39 38 15 62 44 22 43 79 93 75 80 55
5 22 67 25 18 37 71 96 97 94 16 64 86 4 56 41 19 63 69 61 79 52 78 47 13 1 55 54 74 46 50 95 31 57 30 7 59 23 15 10 76 40 29 39 35 85 98 20 81 34 100 14 89 93 36 77 17 73 27 60 3 32 99 72 90 43 84 68 2 91 12 53 51 28 8 9 24 42 48 26 49 11 88 82 83 92 38 45 87 44 21 6 80 33 58 75 65 62 66 70
83 91 57 4 59 80 10 19 15 69 35 20 96 41 26 53 24 52 76 70 38 6 99 46 32 65 63 9 34 74 77 28 93 14 79 2 64 94 31 42 68 12 29 60 48 92 100 89 75 97 1 16 98 47 17 37 8 22 18 55 30 66 40 62 58 72 39 3 84 78 49 13 67 7 27 95 23 87 54 51 88 90 25 81 61 36 73 50 5 82 21 45 43 71 11 85 33 44 56 86
71 1 48 73 18 81 98 40 38 49 28 46 56 95 61 35 80 4 5 19 91 75 24 16 63 97 77 17 89 69 88 33 9 94 87 15 92 26 12 54 78 36 82 60 64 52 83 25 21 68 34 74 55 58 22 66 96 37 51 67 23 72 11 53 2 29 59 20 39 7 42 43 27 50 100 76 13 8 86 70 65 99 84 31 47 79 41 3 90 62 10 93 45 57 14 85 6 44 32 30
34 9 92 87 100 45 32 70 42 31 75 69 2 43 88 30 7 6 57 16 52 96 24 47 56 18 15 55 39 58 95 35 33 74 65 90 41 91 14 85 59 48 86 26 10 49 54 61 1 37 79 83 29 27 84 72 8 44 67 71 20 81 21 89 97 99 28 13 62 40 82 50 66 51 98 19 23 94 22 76 4 80 64 38 93 5 63 11 78 3 60 46 36 77 68 73 25 53 12 17
30 83 4 82 16 85 92 87 73 37 99 93 20 81 14 48 72 70 63 52 10 91 44 41 40 97 49 88 68 74 57 79 34 5 78 64 27 13 76 55 19 22 15 45 29 32 54 24 9 38 95 100 58 66 35 98 47 6 39 51 36 25 90 60 3 94 7 96 42 8 2 11 86 61 80 67 46 56 33 26 75 53 50 89 65 69 23 77 62 71 28 17 59 1 12 31 43 84 18 21
51 20 14 13 34 26 18 30 92 82 24 6 72 49 91 77 54 31 97 78 22 2 27 29 41 1 86 71 75 15 38 40 50 4 55 39 70 42 43 95 46 69 64 25 79 94 59 44 53 45 81 17 67 68 96 89 48 35 12 8 87 61 65 62 19 60 100 84 99 98 58 32 63 33 90 9 57 80 56 23 21 47 85 7 11 88 16 74 73 3 28 93 76 37 66 83 36 10 52 5
67 64 74 95 81 7 84 34 6 93 45 29 22 37 9 23 65 94 48 62 86 5 33 1 91 61 32 58 78 77 44 50 98 68 46 73 56 28 10 85 8 38 40 2 43 89 100 92 30 16 59 36 82 13 4 31 52 14 87 26 57 19 17 20 15 80 69 41 47 21 88 70 71 97 79 60 54 12 51 63 53 90 18 27 11 76 75 49 35 96 66 24 83 25 39 72 3 55 42 99
11 68 29 46 86 34 5 71 3 94 91 100 12 22 2 8 27 51 74 76 36 69 70 47 93 30 99 55 48 95 81 25 24 92 10 58 21 23 53 54 18 87 65 90 40 35 83 97 17 82 42 61 20 88 39 66 79 80 26 75 73 56 13 6 85 15 98 1 38 14 31 52 49 45 62 64 67 7 72 33 63 57 50 4 96 32 89 77 78 43 28 41 84 9 19 44 37 16 60 59
11 45 52 92 21 19 79 51 18 49 85 34 42 6 63 2 20 47 56 94 8 26 97 12 81 33 77 69 83 28 96 90 84 53 65 10 87 54 82 80 62 43 4 86 78 25 9 36 67 23 50 70 99 37 98 31 15 30 48 100 71 76 66 16 91 59 74 14 58 5 89 68 73 95 13 17 57 1 40 46 38 93 88 39 35 3 29 27 75 41 22 60 64 61 44 32 7 24 72 55
74 50 28 90 38 97 76 51 54 7 27 31 10 98 33 82 75 14 41 86 89 26 70 2 37 49 21 56 78 59 17 8 72 19 85 53 47 32 35 67 15 81 20 52 36 92 1 96 88 84 11 44 29 55 87 61 46 63 99 68 77 6 62 93 65 71 83 48 5 95 43 16 23 3 45 100 18 13 73 69 80 25 58 40 91 57 42 4 22 30 9 79 24 12 94 66 60 34 64 39
65 35 62 72 42 43 74 67 60 39 57 37 16 26 98 85 22 68 15 94 17 54 59 64 53 2 92 34 75 32 83 80 13 30 10 66 77 58 1 7 24 21 81 8 25 49 93 69 31 27 36 48 55 52 91 89 9 97 19 18 87 78 3 50 96 82 28 11 33 99 45 23 95 79 46 47 88 5 6 4 73 86 70 41 61 90 12 100 71 38 44 40 29 20 63 56 76 51 14 84
40 54 29 42 25 7 66 46 30 74 78 62 2 34 64 98 82 45 51 33 91 81 37 72 24 31 88 71 4 55 79 32 47 94 61 50 5 13 89 15 44 12 77 16 19 8 87 76 36 59 58 65 68 70 14 93 75 1 18 90 85 52 67 100 99 21 35 20 26 86 97 10 73 48 9 11 80 60 23 92 83 27 28 3 49 63 38 43 22 56 84 96 39 53 41 57 69 17 6 95
66 51 53 55 52 75 63 25 54 94 69 87 83 65 30 14 98 91 86 97 80 15 35 68 27 26 61 4 2 39 3 18 28 20 34 88 42 33 41 38 44 1 13 89 62 78 70 100 81 7 10 11 48 99 46 17 50 74 57 22 47 29 21 59 23 16 43 19 58 24 31 37 84 92 12 93 96 72 77 95 79 5 60 82 32 6 73 67 71 40 56 36 49 8 9 85 76 64 45 90
62 26 39 57 92 37 55 40 54 28 3 43 83 53 59 38 36 60 61 69 11 56 17 70 51 27 12 87 75 68 10 74 78 4 1 5 71 84 20 95 48 42 58 85 45 73 76 24 88 63 14 7 6 86 46 8 97 80 67 64 47 25 22 77 23 32 13 33 21 18 49 99 91 30 72 9 41 19 15 79 31 90 66 34 93 81 16 82 29 35 50 2 65 98 44 96 100 94 89 52
55 83 28 38 82 95 76 64 33 96 60 86 37 77 4 13 1 53 26 72 11 57 78 18 27 62 93 6 20 15 97 46 47 48 36 56 59 89 81 5 90 19 12 24 25 63 10 49 22 23 65 91 43 67 74 99 70 79 88 41 7 84 94 16 32 100 30 29 3 71 61 2 80 17 87 69 34 68 66 52 45 8 44 40 98 92 31 9 54 21 35 14 73 42 50 39 75 85 58 51
49 10 85 17 86 87 44 62 28 73 79 95 29 83 59 11 55 7 52 20 99 82 71 6 58 84 21 18 57 16 69 5 3 93 74 77 35 72 78 88 15 22 14 76 26 36 48 75 90 32 100 50 97 4 68 89 46 42 41 61 12 64 2 24 56 96 45 63 94 37 54 25 13 1 19 60 38 31 27 43 34 65 81 39 30 8 91 98 53 70 92 23 40 33 51 66 47 80 9 67
8 64 13 41 52 14 47 60 12 11 62 16 27 20 15 65 84 17 28 81 42 22 61 83 4 91 21 54 44 58 80 96 50 25 6 100 76 43 63 78 72 48 26 45 5 92 24 94 40 93 18 82 38 99 31 36 73 30 57 37 74 7 10 87 3 1 88 51 34 95 79 49 35 97 70 89 86 67 90 32 66 39 59 77 71 9 33 56 55 2 68 46 53 19 85 29 23 98 69 75
84 98 6 91 54 35 32 25 79 83 63 47 24 99 81 10 90 23 65 58 38 43 49 17 33 64 50 61 96 44 59 37 2 78 66 60 67 5 9 73 14 80 48 13 26 29 41 46 77 92 87 39 8 3 95 19 12 51 27 16 74 11 94 72 1 30 88 20 42 62 18 100 45 22 97 55 52 34 69 68 57 15 93 75 85 7 53 70 86 56 4 71 21 31 28 82 36 89 76 40
9 90 51 20 85 6 18 66 8 57 81 14 11 84 24 69 98 63 52 33 92 71 49 76 82 58 7 3 25 21 36 91 5 87 12 19 89 93 30 99 79 94 70 23 26 80 96 13 53 77 38 88 15 44 47 48 61 41 2 95 65 40 73 56 68 27 16 1 59 83 64 78 37 97 54 50 86 62 10 17 55 31 74 39 45 29 72 46 100 67 4 75 28 22 42 32 43 34 35 60
10 97 42 22 41 96 20 18 81 73 88 2 95 43 87 1 59 57 58 16 11 76 15 70 52 55 82 56 75 74 93 31 30 8 47 80 63 99 25 77 17 85 26 66 33 86 28 98 35 90 24 89 14 5 92 7 68 3 13 32 29 6 84 53 38 65 50 69 12 72 37 4 78 34 48 67 45 83 64 60 46 94 91 51 19 21 61 39 54 9 79 49 27 36 44 62 23 100 71 40
80 20 8 61 34 85 45 64 17 72 56 99 37 89 71 70 39 36 82 12 26 76 30 58 22 28 35 41 59 48 1 86 15 73 25 47 44 18 32 68 50 24 11 90 100 16 94 42 84 29 98 75 13 67 27 14 31 9 79 97 7 87 4 60 53 93 91 96 40 83 54 51 63 69 55 10 77 3 33 38 21 78 52 92 74 5 2 19 57 95 66 65 46 81 49 62 23 6 88 43
51 8 86 94 71 61 50 34 22 76 44 5 16 40 31 39 69 26 23 93 47 4 48 1 42 67 28 14 81 37 7 21 73 91 11 59 75 6 55 88 95 3 64 96 54 83 15 60 24 58 68 45 20 65 77 74 43 46 30 41 79 89 38 52 9 17 84 62 56 98 57 53 12 87 29 99 70 27 25 18 19 35 63 72 2 66 10 78 49 33 32 97 13 36 100 90 82 80 92 85
41 49 96 46 48 3 78 58 25 2 14 30 74 64 21 72 88 15 4 31 9 79 8 75 20 51 38 37 1 70 97 71 55 32 94 98 42 91 28 47 73 66 39 19 27 11 81 7 85 54 43 89 77 17 61 22 45 35 62 93 16 57 95 68 6 29 50 83 76 80 44 13 59 65 36 26 90 33 92 99 12 67 23 24 86 60 87 82 84 34 56 5 63 53 69 10 18 40 100 52
73 93 53 49 43 68 76 89 14 91 82 67 3 96 87 7 45 66 15 75 44 50 57 70 81 36 62 64 24 86 41 77 30 83 13 26 74 27 18 8 88 58 35 2 9 92 19 51 22 37 48 38 94 65 84 1 90 29 99 55 60 17 12 32 85 72 11 5 54 16 56 46 100 20 80 40 97 42 52 25 34 31 28 6 69 63 61 23 78 4 71 10 79 98 33 47 21 39 59 95
88 11 70 73 84 69 1 62 74 31 86 17 81 64 95 36 43 98 6 9 44 37 19 54 48 58 75 28 85 27 42 33 82 12 91 60 80 89 71 45 35 78 3 34 30 47 79 25 32 39 55 13 22 21 16 99 38 83 76 66 40 15 94 18 23 52 72 90 57 2 97 29 67 8 7 59 10 24 53 77 14 93 68 5 51 87 96 100 63 46 41 65 4 92 20 61 49 56 26 50
81 62 78 31 100 97 44 85 39 53 79 91 33 59 70 21 15 96 8 72 51 75 19 60 64 89 61 50 69 14 57 1 48 34 7 6 77 63 24 67 68 18 22 46 95 45 16 37 27 52 38 35 83 32 47 82 86 41 30 54 99 74 25 84 98 17 12 88 13 49 80 92 26 90 20 58 2 29 42 94 4 76 73 10 43 93 28 5 55 36 9 65 11 23 40 3 66 71 56 87
16 44 8 68 36 50 91 32 25 14 7 51 5 72 90 59 23 69 88 95 1 73 39 94 12 81 29 54 20 26 9 27 76 49 58 100 83 43 31 18 87 45 30 21 60 63 70 6 19 97 98 40 96 38 56 13 48 42 34 17 28 11 93 67 41 2 46 71 53 78 57 75 77 3 89 92 74 22 61 80 65 47 35 64 79 66 99 10 84 52 37 82 15 86 33 85 24 55 62 4
18 98 73 86 13 4 92 3 69 30 40 64 6 91 97 63 29 23 8 95 93 19 26 27 7 10 38 80 12 31 25 14 55 76 89 96 66 90 32 1 54 99 74 75 15 84 46 37 81 65 21 68 51 61 53 60 44 100 28 22 71 17 67 41 11 59 78 2 20 47 57 35 72 36 34 24 70 85 62 5 88 82 39 56 45 33 52 58 48 16 94 79 50 83 77 42 9 87 43 49
71 92 32 9 11 63 57 94 56 19 96 85 12 47 66 59 16 83 6 64 43 51 15 87 5 70 68 42 45 28 27 18 13 99 23 37 91 55 24 79 98 77 52 34 100 2 41 21 29 80 10 69 78 81 60 53 58 74 73 8 40 20 44 86 95 72 1 25 35 33 89 50 90 30 7 46 49 97 82 67 14 48 17 36 93 38 62 4 84 88 26 3 54 22 39 31 76 61 75 65
83 17 33 98 82 49 89 18 85 93 15 12 46 65 43 22 32 28 76 80 31 81 36 99 100 64 14 91 11 6 34 44 5 35 69 97 4 7 53 37 42 55 72 92 16 75 86 27 71 57 63 78 8 68 62 25 61 73 58 10 84 20 94 1 9 59 50 88 47 41 40 56 74 38 2 48 60 24 3 90 95 23 29 66 26 96 77 45 19 39 21 51 30 79 54 52 13 67 87 70
7 92 4 95 54 15 87 27 42 85 35 100 55 16 13 29 2 64 73 45 26 83 12 68 94 19 32 5 79 66 36 38 37 31 24 17 28 18 78 72 22 98 48 84 70 60 99 59 34 57 30 91 43 51 75 56 25 53 9 88 10 11 61 20 52 81 33 14 71 76 39 23 40 49 77 44 8 69 47 65 41 74 86 63 97 1 3 93 82 89 90 62 6 58 46 50 21 80 96 67
72 71 64 28 65 50 12 16 98 41 57 79 96 75 6 73 49 17 43 30 33 85 37 2 58 8 59 63 91 61 14 68 48 81 62 70 11 13 52 38 94 80 76 10 29 4 19 92 27 90 9 56 21 88 45 32 95 3 100 82 66 44 24 77 93 54 22 25 69 42 39 23 1 26 83 20 84 51 67 86 5 87 31 99 55 47 89 36 60 78 7 15 74 40 34 35 18 53 97 46
19 11 37 12 84 34 20 26 41 79 57 64 58 75 6 47 21 87 43 28 3 7 5 95 70 73 93 77 52 60 39 51 78 36 90 25 56 15 91 81 80 98 74 99 32 17 8 18 82 72 4 31 2 54 9 48 63 76 38 94 71 40 97 30 96 92 27 33 23 68 16 85 69 29 13 49 1 35 44 88 53 86 50 65 24 61 67 42 46 100 59 55 66 62 83 10 89 22 14 45
54 95 63 28 24 72 1 3 48 10 11 69 76 27 50 46 39 60 85 16 36 65 79 38 35 73 17 32 45 57 68 87 44 23 66 29 58 7 59 8 30 98 92 51 90 88 80 94 53 6 49 74 56 77 34 78 100 47 62 4 5 43 70 93 2 52 84 99 20 96 31 12 13 71 41 67 14 83 55 15 40 19 22 42 37 81 64 9 75 61 33 21 86 26 89 91 82 97 18 25
64 81 76 20 51 59 39 88 50 28 14 86 34 38 67 83 46 49 97 72 21 30 5 66 56 55 61 4 27 89 47 3 62 18 15 54 96 10 25 53 23 82 92 1 85 12 33 78 91 73 35 16 45 44 13 69 37 8 42 43 9 31 52 93 70 77 58 84 71 48 41 36 11 80 99 2 79 24 22 26 63 94 100 19 74 68 90 32 98 40 57 87 7 65 17 95 29 60 6 75
81 52 78 28 63 92 30 60 44 35 76 91 84 94 18 34 3 31 15 58 24 61 53 93 8 54 86 16 99 67 55 40 90 79 41 36 13 27 98 17 20 74 46 14 32 19 65 9 69 64 71 1 37 70 42 72 49 89 43 75 22 82 100 25 33 29 23 50 96 4 59 68 87 85 7 56 21 73 39 95 2 11 97 47 26 48 83 77 51 10 5 45 80 6 38 88 62 12 66 57
94 73 87 63 25 13 51 2 15 37 54 79 34 69 71 97 27 78 21 72 47 7 17 30 82 76 35 60 29 75 74 45 52 67 86 38 65 70 92 77 40 44 84 91 96 33 58 39 23 93 42 80 61 90 57 18 8 59 22 10 46 85 56 95 26 11 16 68 9 24 41 62 49 43 98 6 1 53 32 20 66 31 88 4 12 99 81 5 36 83 50 100 14 19 64 89 28 55 3 48
99 93 35 66 43 54 96 41 39 60 59 4 48 37 79 71 64 88 10 74 5 1 13 85 76 28 6 55 78 9 83 3 49 61 100 62 95 31 29 42 17 86 34 25 73 58 27 67 68 15 51 30 7 12 23 14 69 38 70 24 21 92 45 40 2 56 36 91 65 75 16 53 87 46 80 8 82 98 18 89 44 11 47 90 19 81 77 26 22 33 97 72 32 57 50 52 20 63 84 94
60 7 65 15 56 91 53 1 44 24 69 92 43 29 17 81 36 19 66 83 99 52 68 100 85 10 76 16 20 39 33 3 25 93 95 73 64 50 8 45 54 70 71 78 18 35 55 62 26 88 23 42 87 58 82 97 51 22 2 84 46 6 79 74 80 31 21 34 5 77 9 86 38 89 90 37 59 41 49 61 14 75 13 67 12 98 96 32 11 72 48 4 63 57 47 30 40 27 94 28
100 95 81 34 18 47 20 82 14 29 91 43 38 98 1 93 49 67 46 17 22 32 58 11 44 62 65 53 41 63 51 8 24 45 48 87 37 61 15 83 72 86 26 70 35 64 2 69 30 68 40 71 54 90 88 21 97 6 75 59 99 55 78 7 5 96 33 76 52 12 16 39 28 9 80 57 60 66 31 42 25 3 92 74 10 4 50 94 77 19 79 73 23 13 85 27 84 56 36 89
73 57 88 37 96 62 81 20 99 91 48 41 15 35 98 27 39 64 18 25 100 3 79 84 29 52 34 45 33 69 66 55 72 1 97 7 75 83 61 70 43 47 10 58 5 95 2 59 60 9 86 49 90 38 80 63 4 54 24 16 36 13 68 53 28 76 67 23 85 92 94 46 44 77 71 12 17 30 31 21 26 42 89 8 87 78 93 50 22 32 14 74 40 82 19 56 11 65 6 51
50 43 75 3 94 80 1 60 18 47 13 16 42 4 86 100 37 88 59 56 19 63 6 15 53 61 90 17 10 20 36 96 76 8 99 74 35 44 40 7 23 57 87 45 46 28 81 24 52 95 66 22 83 11 38 21 58 77 69 26 65 91 49 64 98 30 82 97 73 12 85 25 54 31 62 27 14 41 72 89 51 78 84 39 5 67 29 71 70 2 48 32 55 92 79 68 34 93 9 33
2 65 88 29 33 83 46 81 62 28 96 67 40 74 26 66 37 5 39 94 93 30 60 12 99 42 59 54 44 58 100 9 82 56 90 25 7 98 11 84 52 19 32 31 72 38 61 17 47 85 10 35 89 13 23 43 21 1 86 16 27 14 97 79 20 92 76 77 8 4 18 51 64 15 87 91 50 49 53 80 69 78 71 45 68 63 6 75 34 70 22 48 41 3 55 57 24 95 36 73
79 1 26 72 74 62 61 87 8 98 68 20 7 11 18 49 48 30 12 51 83 92 70 84 33 21 65 89 5 75 66 59 85 17 44 32 67 80 46 71 54 41 35 50 64 38 43 55 4 9 90 76 82 28 3 81 29 23 95 47 16 58 97 57 34 31 73 40 96 36 56 39 37 86 45 15 69 27 63 10 13 91 25 78 100 88 93 77 14 53 60 99 94 42 24 2 6 22 19 52
15 56 53 5 1 52 45 83 50 92 65 57 60 64 86 82 20 77 74 36 21 88 79 70 42 13 58 8 100 90 34 97 2 84 85 9 43 23 26 12 73 37 24 76 95 3 87 44 94 72 38 35 40 19 71 27 59 6 41 89 7 47 67 54 75 99 28 66 55 14 62 10 22 16 61 33 48 32 81 68 63 31 96 46 17 93 69 78 30 25 18 51 4 39 49 29 98 91 80 11
75 55 50 65 77 49 27 61 19 62 31 76 8 9 83 53 45 60 71 72 43 48 79 59 66 44 4 35 34 67 39 14 52 97 94 84 99 70 87 28 40 88 85 54 15 92 93 73 81 5 6 37 24 25 51 64 23 29 80 68 13 90 33 89 47 17 56 98 2 41 57 16 30 63 42 74 86 11 10 26 100 69 20 22 38 7 36 96 58 1 91 95 12 78 18 32 21 46 82 3
82 72 33 81 9 56 88 26 24 32 38 59 47 25 23 34 2 60 48 19 73 65 77 98 97 86 1 40 100 80 61 44 46 4 99 54 62 69 16 89 43 10 7 52 36 28 91 12 21 39 41 66 76 45 15 31 20 17 74 85 30 35 95 78 70 13 63 29 49 6 37 67 84 53 75 11 96 83 79 93 92 27 5 55 68 94 14 90 42 3 51 18 87 71 58 8 57 50 64 22
99 83 28 2 66 96 29 62 25 19 17 98 38 16 52 49 42 92 3 31 89 60 72 43 61 30 9 57 22 45 94 34 64 50 97 56 53 14 84 79 41 71 81 75 48 15 24 7 55 54 93 21 95 23 82 69 90 1 65 80 77 36 85 63 87 58 37 47 100 68 26 18 88 27 40 86 33 35 78 6 8 11 91 4 12 39 20 5 76 13 10 44 74 46 32 51 70 73 59 67
51 97 88 18 93 40 59 37 84 92 5 36 28 11 75 16 6 14 41 33 50 95 73 63 67 43 42 79 82 54 61 65 70 21 8 86 48 29 56 64 78 87 22 85 57 38 39 71 72 55 2 52 4 17 45 10 98 60 19 83 81 49 100 89 25 20 13 31 7 34 32 91 15 69 62 30 68 9 46 27 12 99 77 3 90 23 53 66 26 35 74 76 58 96 24 47 44 80 94 1
35 27 31 21 80 47 60 49 20 2 39 83 32 100 87 65 3 45 25 4 51 19 70 42 81 16 15 5 28 23 1 77 86 92 17 24 95 29 8 63 98 78 11 79 30 89 68 48 36 40 54 33 99 85 75 71 9 13 69 34 56 74 93 61 55 67 73 22 96 7 59 58 38 88 90 64 14 52 72 66 82 37 18 50 6 10 57 91 43 62 41 12 46 76 53 44 26 94 97 84
68 42 33 8 79 66 57 82 49 23 2 74 37 60 83 96 92 99 27 38 59 69 1 41 9 35 65 50 85 7 72 78 21 15 76 93 26 22 45 80 87 67 91 31 70 6 10 63 13 88 86 29 11 51 12 20 90 71 84 24 14 5 3 46 36 25 28 44 19 52 77 97 48 16 34 73 58 55 43 95 64 98 62 4 56 18 75 17 30 89 94 53 81 54 39 32 47 100 40 61
65 52 2 38 16 37 50 56 87 36 79 86 24 98 39 82 99 81 68 3 20 17 6 75 43 19 8 45 15 73 92 84 64 91 60 100 31 57 18 11 13 67 14 27 48 95 72 96 35 78 28 9 23 26 42 44 83 59 51 47 30 63 58 89 41 97 94 71 54 32 53 76 25 93 55 29 33 40 46 22 85 80 21 69 74 88 10 4 34 12 61 70 1 5 49 7 62 66 77 90
77 70 44 56 79 1 29 39 2 66 42 76 53 20 85 96 34 3 43 10 49 22 83 98 72 8 23 90 16 75 13 32 51 86 4 55 91 87 17 40 89 25 36 93 31 14 92 100 60 61 62 50 69 95 74 71 63 24 99 57 35 58 82 78 45 84 30 41 48 11 12 38 65 73 67 80 6 52 19 54 18 27 21 46 94 5 59 81 26 88 37 28 9 97 64 15 68 33 47 7
32 39 25 80 98 79 50 8 15 95 77 59 55 56 72 19 2 47 88 30 82 78 53 65 61 42 87 49 18 63 92 37 36 90 28 12 89 96 97 33 67 74 40 24 71 93 100 85 76 31 10 48 91 94 11 57 84 1 29 54 5 99 23 6 73 51 34 46 16 44 17 27 13 58 21 43 70 83 81 45 14 60 9 3 22 66 75 26 64 69 7 86 20 38 4 68 35 62 52 41
5 14 26 94 22 61 76 9 33 39 97 35 11 50 92 63 64 75 90 80 99 84 42 89 18 88 59 66 65 82 30 54 56 19 46 71 32 28 60 25 29 16 55 17 38 20 74 96 70 53 15 6 62 77 73 27 12 52 86 7 1 87 43 10 93 79 3 91 47 72 40 13 44 49 21 36 24 58 51 98 69 100 37 68 78 48 2 95 8 81 34 83 31 41 67 23 85 4 45 57
42 43 48 72 26 54 35 94 65 13 9 19 41 97 75 98 4 37 89 66 11 79 56 49 46 86 71 61 20 22 32 84 16 15 88 55 5 52 12 40 91 21 1 24 70 83 73 85 38 68 59 76 80 47 14 36 7 64 100 60 29 10 50 28 82 63 92 44 77 62 51 58 96 23 78 81 74 6 90 39 69 34 2 30 3 57 25 95 8 45 99 31 93 87 18 33 17 53 67 27
23 54 39 77 56 29 19 41 27 72 71 90 68 48 51 58 85 98 70 46 74 14 73 24 17 91 2 33 5 66 36 25 86 43 42 95 38 53 11 40 80 69 47 16 7 97 6 34 32 57 20 60 83 100 10 88 82 21 99 76 26 89 87 44 55 67 13 61 45 62 92 75 64 31 18 9 15 12 78 35 59 81 96 84 4 22 8 50 94 52 1 79 93 28 37 65 49 3 63 30
100 13 10 25 27 28 49 1 37 78 75 82 29 53 69 60 18 65 73 26 91 66 98 31 79 14 50 84 76 57 32 34 12 7 42 5 16 24 64 9 70 90 6 58 72 77 35 19 74 56 48 21 44 36 15 30 86 96 40 47 83 93 51 85 20 2 55 62 4 81 54 46 22 92 41 63 39 99 8 52 67 80 3 94 43 38 68 87 17 23 11 61 71 88 59 95 45 89 97 33
1 35 95 57 71 89 85 39 97 99 9 70 32 20 68 12 67 13 19 74 42 79 5 60 93 24 76 18 16 31 27 88 61 92 81 69 40 66 11 65 62 98 3 54 75 25 82 26 84 59 50 55 28 73 43 83 6 91 58 94 44 36 52 72 96 46 7 41 47 77 90 63 37 33 87 64 100 48 86 29 14 30 45 17 49 21 51 38 8 2 23 56 15 34 80 78 53 4 22 10
1 68 13 52 100 36 82 84 71 10 89 15 66 58 81 51 34 18 57 33 53 56 63 21 42 38 93 76 80 47 65 90 92 61 70 31 28 44 72 91 35 48 6 79 78 24 74 19 69 9 88 83 11 73 25 14 75 86 49 45 22 95 85 27 97 87 67 60 4 41 64 32 59 62 30 17 50 37 16 54 39 40 96 12 3 98 29 99 26 23 94 2 8 46 7 43 55 5 20 77
1 3 60 99 80 95 21 55 63 14 18 86 41 56 90 75 71 98 97 74 40 51 52 89 27 100 76 8 31 61 9 22 62 36 54 13 78 69 67 28 33 73 81 17 16 30 70 34 45 58 23 10 50 11 68 35 93 32 96 4 46 38 43 29 77 48 57 6 87 94 66 15 20 2 24 91 79 37 82 49 53 72 47 88 7 92 85 59 83 84 12 19 26 39 25 65 5 44 42 64
6 57 51 67 89 47 58 56 21 18 81 1 19 50 74 43 83 16 66 92 3 95 98 62 55 54 65 15 23 4 53 45 39 42 64 70 68 27 77 35 78 69 34 93 90 2 46 8 61 73 44 97 33 26 96 17 38 30 80 29 41 52 36 11 24 87 37 31 60 79 71 99 32 28 100 49 12 10 91 72 13 25 40 75 88 9 20 63 7 76 22 94 85 14 59 82 86 84 48 5
67 52 8 91 17 6 60 34 35 97 7 62 86 88 45 39 81 43 37 40 21 99 38 49 75 65 68 70 15 32 95 31 12 1 23 28 94 84 16 69 61 87 9 64 53 55 29 58 3 66 51 33 56 63 20 30 83 25 4 11 93 54 59 41 85 46 74 89 24 2 57 71 72 100 76 78 19 18 98 13 36 73 50 47 27 82 92 48 79 42 5 90 44 10 96 26 77 14 22 80
96 81 67 61 72 21 57 90 25 64 14 50 29 63 36 65 45 17 41 91 46 60 85 2 42 31 32 30 56 100 52 48 33 49 97 53 71 55 40 95 84 59 23 20 94 44 88 69 24 83 73 13 34 9 92 12 5 39 77 99 47 51 89 66 87 54 38 16 62 3 6 8 93 70 22 78 27 75 76 10 18 58 19 1 82 98 35 11 15 4 26 79 80 28 68 74 7 43 37 86
80 99 62 13 83 2 47 90 73 40 49 48 79 82 56 1 65 71 94 57 69 60 11 81 50 97 78 86 41 43 6 36 55 44 88 66 8 39 98 28 33 20 30 3 89 85 96 92 75 15 74 38 46 51 67 93 16 72 53 9 68 52 84 95 31 24 32 45 58 29 35 77 4 26 54 34 100 63 14 5 23 27 59 91 64 21 37 22 12 25 19 61 76 87 7 18 17 70 42 10
62 80 10 60 50 73 11 64 87 40 91 3 92 7 25 32 77 47 61 94 21 38 86 46 95 36 63 48 1 44 34 31 67 70 59 24 99 37 17 68 26 4 29 88 33 27 14 93 57 96 5 43 8 55 81 82 19 53 15 89 90 75 78 51 16 65 41 69 12 79 84 97 18 30 2 66 23 98 20 45 85 28 76 74 22 6 52 35 71 83 49 58 9 42 13 100 56 39 54 72
42 17 77 79 62 78 67 16 71 41 61 14 50 75 81 94 98 97 40 4 76 23 58 92 63 55 57 5 91 64 74 26 53 80 7 86 84 21 31 29 93 56 49 36 54 59 28 15 45 43 24 87 88 73 19 82 30 6 66 12 85 39 8 34 51 27 20 70 99 11 89 52 72 95 46 38 96 9 3 25 18 90 83 2 13 68 22 47 60 44 33 1 69 32 37 100 10 48 35 65
11 93 34 46 66 12 82 63 51 99 57 43 70 17 44 36 29 7 74 35 48 1 96 69 6 54 68 19 56 24 65 59 64 25 15 100 53 42 5 71 67 92 21 97 9 37 89 2 30 49 76 95 83 94 98 23 77 50 62 85 40 39 8 86 18 87 80 55 27 26 61 90 75 28 4 78 73 22 33 52 38 14 84 91 72 16 60 20 79 47 45 81 3 32 41 31 13 88 10 58
14 41 28 5 15 65 32 82 92 59 67 94 96 62 88 99 83 26 39 78 70 47 87 85 11 49 76 73 30 69 75 25 43 79 46 1 77 22 31 8 100 90 13 29 45 20 27 97 33 52 58 66 91 21 80 89 56 35 10 74 64 18 23 7 93 81 55 12 19 50 2 71 61 68 86 38 4 6 57 54 17 44 42 84 98 40 16 3 48 37 36 53 95 51 72 9 63 60 34 24
34 47 91 49 19 35 59 2 84 57 30 85 38 48 71 96 64 32 9 13 68 12 74 28 54 70 39 81 93 61 26 56 86 20 88 46 89 27 75 41 3 90 72 66 80 98 69 63 5 76 10 29 53 92 24 62 36 8 16 17 7 21 40 43 79 45 77 95 33 25 23 42 87 6 60 14 51 44 83 37 78 99 55 1 67 73 97 11 18 4 15 22 65 58 31 50 100 82 52 94
32 99 80 61 26 20 49 81 58 67 2 35 39 96 88 15 40 44 41 65 51 95 97 57 19 23 63 36 100 4 50 47 6 27 31 64 46 11 5 14 86 69 89 30 33 59 42 28 12 62 84 56 37 72 83 17 79 25 60 10 75 7 54 18 48 34 77 85 53 16 55 76 8 22 82 9 94 13 66 52 91 24 45 87 73 1 74 68 98 93 38 92 43 90 21 70 71 29 3 78
99 67 89 59 75 66 79 51 42 39 34 63 37 22 2 53 31 33 65 91 7 47 45 11 25 74 21 20 86 30 6 85 87 60 18 73 32 50 3 35 64 12 49 26 52 57 78 8 70 84 81 41 38 90 43 62 16 88 1 10 4 36 55 24 83 96 82 58 44 13 94 17 15 71 28 9 92 61 54 98 29 100 23 69 68 40 80 56 72 19 93 46 76 48 5 95 14 27 77 97
