50
20 12 25 35 6 33 27 29 46 34 19 42 30 39 15 24 43 26 31 9 2 8 17 7 48 11 3 18 41 45 5 23 22 49 38 47 50 40 14 21 16 32 10 44 1 36 4 37 13 28
44 38 42 43 7 35 40 9 36 37 14 48 41 25 46 17 39 2 32 4 20 31 29 11 33 50 23 6 16 49 22 30 34 24 47 27 1 3 15 21 26 13 10 12 19 5 45 8 18 28
45 4 30 16 14 34 47 36 27 12 38 50 5 42 23 11 48 46 33 18 40 13 19 24 8 3 32 9 28 25 29 1 26 37 21 20 44 15 10 31 35 41 2 49 43 6 17 7 22 39
33 41 42 14 34 43 30 17 16 25 37 35 1 38 49 45 3 13 50 36 20 46 12 18 8 29 26 27 11 44 48 19 32 10 15 28 39 2 40 47 7 23 24 31 4 9 22 6 5 21
43 50 23 8 22 9 25 26 17 11 39 30 21 12 4 27 29 44 41 31 14 48 7 42 38 45 40 20 16 15 36 33 34 32 6 13 19 46 49 35 5 24 3 37 2 28 18 1 47 10
49 19 46 20 16 3 32 38 47 48 4 2 41 10 44 7 11 6 25 14 34 27 26 43 21 22 13 23 39 18 37 45 31 1 35 17 40 12 24 42 9 5 33 30 15 36 8 29 50 28
21 32 25 22 1 29 45 12 14 39 28 24 40 23 27 38 46 35 41 10 15 42 37 50 9 19 16 48 7 31 49 43 17 44 33 6 13 18 11 5 2 30 8 47 4 36 34 26 3 20
36 11 5 13 31 10 39 47 40 21 7 32 43 24 49 4 26 33 30 6 14 25 17 45 48 27 3 44 34 37 29 22 20 50 38 9 12 15 1 2 41 46 28 8 35 23 42 16 18 19
21 16 11 33 7 32 8 34 19 3 30 38 6 12 1 23 4 27 40 24 39 10 2 28 45 50 44 15 48 13 41 14 9 46 5 22 20 37 29 49 42 17 25 35 18 36 47 31 43 26
27 4 39 41 12 10 29 43 1 19 38 48 45 2 6 26 47 16 17 31 35 33 8 18 23 9 13 20 25 7 14 49 46 28 34 11 15 30 37 42 21 3 50 22 32 5 24 44 36 40
2 44 42 21 3 40 38 13 36 50 23 32 45 37 30 17 10 9 5 48 28 14 19 15 39 20 27 22 4 18 49 25 7 46 8 29 16 41 1 33 6 12 43 31 35 24 47 34 26 11
46 43 22 28 33 4 6 38 35 10 3 30 41 26 29 14 37 21 1 5 27 45 24 20 48 15 32 31 39 8 13 34 23 16 19 11 50 12 18 47 36 9 49 17 7 42 25 40 2 44
30 22 32 18 39 1 42 45 3 21 11 28 38 16 17 33 8 24 26 29 12 35 41 5 25 2 40 23 36 7 37 48 46 49 31 14 15 50 6 44 20 43 27 10 47 9 4 13 19 34
23 33 6 37 38 13 46 31 3 43 8 15 14 36 17 4 20 2 7 25 10 26 29 45 9 40 49 27 24 39 5 12 42 35 41 18 1 28 44 34 21 22 47 16 32 50 48 30 19 11
45 13 4 5 41 28 9 17 48 14 2 46 36 16 12 40 18 15 29 26 3 34 6 32 47 38 35 44 49 37 27 33 19 23 24 8 50 7 10 1 43 11 30 21 20 42 22 25 39 31
23 33 5 50 1 42 22 32 16 19 9 21 47 25 8 11 45 3 46 49 43 10 30 7 17 39 4 26 20 28 37 15 12 48 27 6 31 13 18 44 34 24 35 2 14 29 41 36 40 38
37 11 27 1 19 47 43 44 13 41 17 32 8 30 16 6 45 36 31 40 4 5 21 35 29 22 24 33 9 38 28 34 20 46 12 3 42 15 25 7 10 14 39 50 26 48 49 23 2 18
20 30 6 45 37 23 44 39 25 1 13 5 15 40 46 43 22 49 47 33 36 29 18 41 11 27 50 7 10 48 32 4 28 42 16 21 12 31 26 34 24 8 17 2 14 3 38 9 19 35
12 46 2 29 50 27 4 35 25 41 38 15 3 44 33 28 32 45 40 48 30 19 34 26 18 47 36 24 31 16 14 8 49 11 17 21 37 7 13 20 39 23 22 42 9 1 43 5 10 6
14 11 34 43 9 27 32 50 12 23 30 31 33 10 20 41 21 35 17 19 47 4 5 28 2 24 8 13 25 48 29 3 26 49 1 6 39 42 22 44 45 16 38 37 46 18 15 40 7 36
40 29 30 43 44 13 49 9 7 41 20 3 46 34 16 50 19 14 8 36 12 37 25 26 48 17 5 27 31 2 10 15 35 18 38 21 6 47 42 39 11 45 32 1 23 24 28 4 33 22
42 30 3 9 28 25 1 39 50 37 32 5 43 20 19 46 27 41 10 11 45 36 12 31 13 48 7 34 22 23 38 18 49 15 33 14 24 26 17 8 2 35 47 16 44 29 4 40 21 6
37 38 27 12 45 46 43 31 7 29 49 4 33 14 41 9 16 10 8 30 15 20 28 47 39 2 48 35 44 42 32 5 36 18 22 1 19 24 26 11 40 21 34 25 50 13 3 6 23 17
43 8 7 13 44 28 47 45 4 2 34 23 33 40 35 17 15 11 31 26 20 50 9 5 48 18 29 38 12 41 16 30 14 49 1 3 21 24 6 39 19 32 42 46 36 22 10 25 27 37
8 11 13 7 4 36 50 48 19 28 41 47 21 49 33 30 24 35 29 42 5 40 1 34 26 12 23 15 16 10 25 38 31 6 2 22 43 3 9 44 39 45 27 14 20 18 17 46 32 37
32 31 21 7 1 8 2 19 38 34 9 13 36 11 22 4 42 33 17 28 47 14 12 41 10 45 39 23 50 40 30 15 44 35 6 20 3 16 43 46 49 29 18 48 25 24 37 26 5 27
37 41 12 17 13 24 42 33 31 40 4 44 14 22 11 46 5 23 10 2 21 34 20 16 19 26 45 27 48 9 30 7 39 6 43 1 50 35 28 47 49 18 29 3 25 38 32 8 15 36
4 47 39 8 18 49 23 29 13 37 3 19 26 11 36 32 15 21 44 1 25 20 28 16 22 17 43 27 31 38 30 24 33 5 50 40 34 35 41 45 12 10 42 14 2 6 7 9 48 46
11 15 3 43 31 26 47 34 10 27 44 13 33 24 2 4 1 8 40 23 12 17 38 28 22 6 49 35 21 32 36 5 41 46 16 18 30 20 45 14 48 37 39 7 25 29 42 9 50 19
1 28 39 3 38 31 32 14 26 10 33 49 18 34 5 25 17 45 9 24 15 7 12 29 36 19 48 21 8 22 20 46 47 27 44 42 23 6 11 4 41 16 2 35 30 13 43 40 50 37
48 37 30 6 39 19 33 13 50 49 18 9 38 42 45 35 16 3 2 31 40 32 20 28 44 1 26 27 47 29 22 24 41 21 43 23 10 25 17 34 4 46 36 14 15 7 12 8 5 11
12 18 34 36 26 20 43 22 44 17 42 40 7 21 47 33 27 9 3 30 13 15 37 16 38 19 8 14 49 45 1 23 32 29 48 11 6 46 24 10 4 41 39 31 50 28 2 25 35 5
28 5 14 49 46 48 39 36 11 3 41 17 47 37 30 44 32 24 21 15 33 12 31 19 9 27 34 43 2 20 8 35 40 1 6 18 45 10 25 4 29 50 42 13 22 23 7 38 26 16
42 19 1 40 44 26 4 37 16 27 31 34 20 2 41 38 13 30 47 35 23 25 12 10 14 50 17 3 24 22 49 39 8 32 48 11 29 21 43 28 9 5 36 7 33 45 6 18 46 15
36 49 25 24 11 7 5 34 44 28 21 16 33 30 4 14 15 43 40 38 39 37 27 35 3 10 32 9 42 20 22 48 13 31 12 8 19 1 50 45 26 2 6 41 46 17 47 29 18 23
8 17 11 5 34 42 39 7 16 21 38 25 43 22 24 47 48 49 27 36 14 10 33 13 9 41 35 29 50 44 12 46 37 26 6 1 15 40 31 2 18 28 30 32 45 4 3 23 20 19
35 33 10 3 2 34 28 7 12 42 6 30 40 29 15 50 22 47 14 26 27 45 25 9 11 4 24 18 38 48 43 8 36 41 5 46 19 39 49 16 17 21 32 20 13 37 31 44 1 23
50 21 35 30 8 42 38 10 9 32 2 34 43 6 47 26 45 17 20 41 46 27 48 3 7 40 11 15 24 22 23 5 14 33 28 4 39 49 31 16 36 18 1 44 13 29 37 19 12 25
25 38 44 13 14 47 41 21 4 17 8 23 46 28 40 48 49 32 36 2 29 5 34 12 19 24 7 20 16 37 31 30 22 42 6 35 1 18 9 11 15 39 27 43 3 10 45 50 33 26
44 40 36 43 20 30 33 16 27 22 23 31 34 45 19 18 47 42 39 49 13 24 32 12 21 46 26 28 4 17 9 38 14 6 11 5 50 3 8 2 25 35 41 29 1 48 7 15 37 10
5 48 37 10 41 17 49 43 34 9 33 13 3 25 27 50 26 29 35 8 36 4 46 18 28 23 38 1 31 16 14 40 22 47 32 24 12 42 44 30 19 45 6 11 2 39 21 7 20 15
1 7 30 37 2 31 40 36 20 5 18 41 11 22 33 39 8 48 42 9 26 46 17 27 14 38 4 12 47 10 13 43 3 15 35 28 16 44 29 25 34 21 32 24 6 50 49 45 23 19
37 49 47 43 45 14 18 17 24 31 48 34 33 2 13 10 30 25 8 32 16 5 20 26 21 44 35 50 23 11 6 39 42 29 38 27 7 41 1 46 15 12 28 3 9 22 36 40 4 19
30 37 17 14 39 26 6 15 33 49 38 35 47 27 44 19 24 50 1 18 36 11 2 25 10 31 32 8 20 23 7 5 43 21 13 41 42 48 34 12 3 28 22 45 4 16 46 40 29 9
20 4 11 25 42 7 35 5 17 18 30 22 33 13 37 46 27 8 45 19 36 16 41 49 10 48 24 34 12 28 31 23 32 21 26 40 14 6 38 29 43 2 3 1 50 47 9 15 39 44
45 34 23 15 25 26 27 6 3 28 33 43 35 13 42 44 50 5 9 18 49 41 38 12 7 2 21 4 1 8 22 48 30 14 39 36 31 47 10 32 40 19 20 24 11 46 17 37 29 16
14 11 38 20 46 34 36 5 40 18 49 22 23 2 28 6 44 21 33 12 29 17 13 15 42 45 41 43 8 47 31 19 16 32 39 24 30 48 26 1 10 7 27 9 25 35 50 3 4 37
35 39 15 12 18 33 31 27 10 25 4 24 46 43 36 20 14 50 38 26 22 28 3 44 9 19 23 11 30 41 17 21 5 29 34 49 45 42 8 37 13 1 48 40 32 47 16 7 2 6
38 13 14 47 37 25 2 50 34 32 16 26 44 12 15 10 41 17 6 35 33 49 39 42 43 22 1 36 28 19 18 27 8 46 21 48 45 23 31 24 7 4 29 3 11 30 9 20 5 40
33 40 1 21 17 8 48 4 46 7 9 49 19 12 18 11 47 38 44 36 50 6 5 30 42 32 3 13 45 24 37 31 20 43 25 27 35 28 41 39 29 2 15 34 14 26 23 10 16 22
45 27 22 9 36 31 32 42 49 50 48 3 33 41 26 25 12 15 2 28 46 40 10 16 23 6 21 30 44 17 35 13 19 14 47 38 8 24 11 37 20 29 43 1 5 4 18 34 39 7
14 1 22 29 26 23 44 30 24 10 43 12 6 45 27 5 16 19 15 28 31 18 47 11 49 4 37 17 2 3 48 36 35 50 39 46 21 41 20 9 8 32 25 40 7 13 42 38 33 34
15 22 18 48 17 34 29 28 19 43 37 14 46 42 44 23 1 38 13 40 24 4 35 47 30 3 21 50 5 45 32 20 10 6 12 49 26 27 8 2 41 16 25 11 33 31 7 9 36 39
35 36 27 3 22 12 17 6 40 44 13 10 16 4 24 7 26 29 28 47 23 39 18 15 41 50 42 21 14 43 46 37 20 25 9 33 48 19 38 1 2 49 8 45 5 32 11 34 30 31
37 10 12 50 47 3 28 38 24 6 45 41 40 44 8 16 20 1 5 11 15 21 43 39 14 26 17 13 34 25 33 30 48 23 7 46 27 9 2 31 35 49 42 36 32 18 4 22 19 29
40 9 19 35 33 14 41 5 48 3 18 47 29 42 20 24 37 34 44 28 7 36 13 43 15 45 46 10 12 25 32 11 49 31 50 17 1 6 38 23 27 8 30 16 4 39 26 22 2 21
46 4 25 11 34 13 2 30 21 31 36 49 8 35 50 17 3 19 16 1 20 39 44 43 47 45 42 10 32 38 9 5 14 28 29 27 33 41 26 6 7 18 48 37 15 24 22 23 40 12
24 9 23 3 29 37 15 42 27 8 33 2 45 30 28 13 34 18 22 48 32 47 5 14 16 44 38 26 12 36 4 31 50 17 49 1 20 41 46 6 43 10 21 40 11 39 35 19 7 25
40 29 38 43 13 24 48 45 5 12 8 21 34 27 26 35 2 7 25 44 14 42 31 10 41 9 1 17 6 30 32 50 46 3 37 11 23 47 36 28 33 4 15 19 18 22 39 20 16 49
9 2 33 41 6 44 11 14 38 23 40 10 39 34 45 24 22 4 17 21 3 47 1 36 42 12 19 32 25 16 5 48 43 20 26 13 28 37 18 7 35 49 30 31 8 29 15 27 46 50
36 29 33 10 14 44 32 25 19 1 30 9 18 7 27 17 39 24 21 40 38 49 45 41 34 31 4 47 46 3 50 43 22 5 42 12 2 16 15 20 13 23 28 6 48 8 35 26 11 37
25 7 19 48 2 44 43 46 35 23 3 20 10 49 50 14 47 13 32 31 21 11 45 4 29 17 8 28 33 9 22 1 38 40 24 39 6 27 36 37 42 30 41 26 34 18 5 12 16 15
9 34 24 50 4 12 30 25 18 39 3 7 45 44 33 47 42 26 22 6 21 11 49 37 35 2 1 13 48 10 20 14 16 5 43 19 17 46 38 31 23 32 8 15 29 27 36 40 28 41
24 27 29 11 32 30 10 6 43 18 7 20 3 22 17 8 2 21 37 38 44 42 31 46 41 28 9 50 35 40 19 26 33 15 45 23 5 36 34 49 39 25 14 1 13 16 48 4 47 12
10 46 44 30 26 5 40 16 1 45 6 36 24 12 50 20 33 19 34 49 17 18 47 31 38 11 41 48 43 29 42 25 9 27 32 4 3 22 23 28 13 21 15 37 39 8 7 35 2 14
49 32 15 2 26 27 10 30 35 37 41 16 28 25 12 31 6 33 48 4 14 40 43 34 1 5 45 38 18 50 9 17 21 29 19 42 23 47 11 3 8 36 13 39 44 46 20 22 7 24
41 35 16 5 42 22 38 11 4 28 29 8 50 48 15 1 17 18 2 32 13 27 20 10 25 21 14 37 43 30 33 26 24 9 7 49 23 40 47 19 36 45 6 3 34 46 39 31 12 44
38 17 25 45 24 1 5 3 6 40 18 32 28 21 35 14 41 12 20 22 48 2 34 29 13 27 19 11 42 16 30 15 50 47 44 10 37 46 4 49 39 23 31 8 36 9 43 33 7 26
29 12 43 49 11 39 7 31 10 37 23 27 44 48 46 17 9 14 42 22 36 40 5 18 41 25 8 38 28 47 13 19 34 26 4 30 20 33 32 24 35 3 45 50 21 16 15 2 6 1
42 8 45 36 26 14 3 16 24 40 38 48 6 44 12 9 25 18 1 31 5 46 2 27 15 17 33 30 43 29 10 4 41 37 32 28 22 23 34 13 19 7 35 21 50 49 47 39 11 20
6 31 29 18 25 33 21 2 12 26 3 39 40 11 47 4 10 14 16 46 5 32 45 43 7 50 15 27 13 34 1 38 30 22 19 36 35 8 9 17 42 23 37 20 48 41 49 44 24 28
29 27 19 48 37 24 12 31 44 33 9 34 18 47 30 1 4 42 16 32 11 6 21 39 26 40 49 8 22 46 10 20 13 36 50 45 5 7 43 2 17 28 25 3 41 14 35 38 23 15
12 17 33 37 42 21 20 36 6 43 14 50 25 32 29 45 22 9 3 40 35 4 8 5 23 24 46 7 19 15 44 26 49 47 2 34 18 27 13 38 30 31 41 16 10 28 39 1 48 11
7 29 20 28 2 11 18 31 12 3 34 22 39 6 42 47 48 14 46 1 27 49 24 17 36 33 8 5 21 10 23 19 44 30 4 32 9 43 26 50 45 38 37 25 40 15 13 41 16 35
43 29 49 50 47 41 20 42 24 16 40 44 46 11 1 14 35 34 3 18 36 6 37 17 38 26 27 13 31 4 22 32 30 39 21 12 9 28 23 2 45 10 15 5 19 25 8 33 48 7
10 14 21 2 33 18 41 32 1 9 35 25 22 44 50 12 34 36 13 8 26 27 4 6 16 7 40 17 5 3 30 29 48 31 23 38 46 47 20 43 45 49 37 39 28 15 19 11 42 24
18 47 46 45 41 2 19 1 49 39 4 28 30 44 9 26 5 38 29 21 23 37 24 7 17 34 13 11 15 27 33 42 25 50 8 10 40 31 6 12 36 20 22 43 35 32 16 14 3 48
49 6 19 35 10 44 23 15 21 1 32 25 11 33 41 26 36 22 27 38 28 42 20 45 7 3 18 34 9 43 5 16 4 30 48 31 12 8 50 46 39 13 40 29 2 14 47 17 37 24
47 7 21 1 10 18 46 45 36 22 27 2 29 6 19 38 41 35 40 25 31 3 50 28 12 14 9 48 16 11 49 26 37 5 17 33 23 13 15 44 32 24 42 30 4 43 20 8 34 39
28 47 34 32 9 14 50 8 46 49 12 42 35 30 29 18 27 38 31 13 40 3 17 1 39 23 5 33 21 26 48 22 16 6 43 20 25 11 37 2 45 7 24 15 4 44 19 36 41 10
8 7 30 21 45 38 12 48 11 29 2 19 10 15 43 46 3 6 5 24 25 39 22 16 31 36 9 33 40 34 32 17 14 1 47 41 49 26 35 20 44 28 50 13 23 42 37 4 27 18
32 33 9 1 5 44 36 25 35 17 24 28 38 26 43 31 34 13 20 4 40 3 6 19 21 12 11 7 42 27 22 45 39 8 2 37 10 16 49 30 46 23 29 41 48 47 15 50 18 14
23 18 44 31 2 19 41 43 37 47 40 7 35 38 25 27 1 28 39 46 34 42 49 6 33 11 26 20 24 48 50 5 14 21 29 10 36 22 30 17 9 3 45 4 32 13 12 15 8 16
16 43 46 37 49 19 24 33 17 39 27 13 32 26 23 25 5 1 9 8 42 3 14 45 21 36 12 47 15 2 18 48 29 6 38 41 31 4 34 28 40 10 30 11 20 50 7 35 44 22
21 8 22 4 38 45 23 7 43 34 3 39 2 10 9 32 27 19 13 46 36 44 18 29 30 14 28 26 49 37 40 17 25 16 20 31 11 33 35 42 41 6 15 5 48 50 12 24 1 47
24 49 11 34 33 2 20 30 22 31 48 39 45 23 26 28 4 8 27 14 37 47 15 29 25 35 44 50 17 12 6 43 1 36 41 40 46 38 19 9 10 32 21 18 42 3 7 16 5 13
27 25 19 6 20 48 12 16 29 39 44 1 8 40 31 13 10 11 9 49 37 34 50 41 33 22 42 2 43 21 45 3 15 5 30 36 23 18 4 28 14 35 7 47 26 32 24 17 46 38
23 48 45 33 10 31 15 38 50 1 14 5 19 42 40 46 9 16 6 17 25 11 8 30 3 47 37 7 44 20 26 34 22 12 49 29 35 18 13 28 43 41 4 36 21 27 39 2 32 24
8 9 23 38 34 26 12 49 17 37 36 42 40 27 29 43 2 48 31 18 30 7 21 50 33 24 10 15 11 46 14 16 4 20 6 44 5 19 35 39 41 28 47 25 3 13 45 22 32 1
49 34 14 31 39 17 28 21 20 13 15 42 41 11 7 40 4 27 32 23 9 3 46 22 50 44 33 16 48 36 45 5 35 37 29 12 6 2 26 18 47 43 24 10 8 19 25 38 30 1
9 38 16 27 28 39 12 8 17 22 40 41 15 2 19 18 48 29 10 26 7 47 20 49 35 32 6 43 13 3 25 50 45 5 30 31 44 4 24 36 34 23 11 37 21 14 42 46 1 33
23 44 6 2 29 31 27 7 14 34 20 47 4 15 10 5 39 33 13 18 9 17 28 45 11 21 22 24 36 26 43 37 16 50 19 30 42 40 38 48 8 1 46 35 12 32 49 41 25 3
11 24 15 16 9 21 3 36 35 17 49 7 8 42 39 45 5 40 22 18 47 38 23 27 26 44 29 4 30 31 34 48 13 14 33 28 12 19 1 37 41 10 2 32 25 46 50 20 43 6
9 37 7 8 30 24 21 14 18 16 3 47 50 44 17 40 49 41 11 45 5 35 48 2 23 46 31 39 33 13 22 38 27 1 43 28 26 36 42 20 6 4 34 12 25 29 32 19 15 10
5 16 22 38 49 40 13 42 15 25 47 17 50 48 4 11 2 35 21 31 3 39 29 10 36 45 1 19 44 18 33 8 9 7 23 37 43 32 41 27 34 46 30 6 24 14 26 20 12 28
11 2 32 3 40 44 39 38 34 25 6 21 4 50 31 35 19 45 36 47 1 7 20 8 43 22 14 24 41 26 18 17 37 46 30 48 28 12 29 23 42 13 27 49 33 15 5 9 16 10
10 46 7 16 29 34 50 20 4 23 2 49 39 37 5 24 33 17 40 31 6 43 28 38 9 1 11 44 18 12 30 14 22 47 15 36 26 21 3 8 13 19 45 25 27 48 41 35 42 32
5 1 50 10 11 49 38 34 19 45 42 25 28 8 17 9 29 36 26 23 22 31 40 46 44 47 16 48 20 27 41 33 2 32 24 30 18 37 35 43 21 13 6 39 12 7 3 4 15 14
38 23 44 22 7 9 4 1 19 15 28 43 40 50 45 33 32 13 36 18 21 10 14 6 46 3 2 29 35 11 42 26 34 31 30 49 47 39 41 8 17 20 48 5 24 37 16 12 25 27
24 14 11 33 26 6 46 19 25 20 49 36 32 16 9 44 15 41 12 17 27 29 8 5 23 37 10 42 43 4 45 38 34 39 7 48 2 3 35 28 18 1 31 22 21 30 50 13 40 47
