1 64
2 220
3 428
4 168
5 371
6 438
7 269
8 384
9 483
10 108
11 116
12 164
13 312
14 350
15 230
16 157
17 71
18 379
19 99
20 354
21 191
22 470
23 35
24 267
25 316
26 23
27 142
28 115
29 309
30 487
31 407
32 463
33 49
34 24
35 8
36 325
37 468
38 280
39 333
40 169
41 356
42 322
43 222
44 21
45 41
46 457
47 444
48 420
49 368
50 395
51 93
52 1
53 111
54 440
55 467
56 192
57 193
58 300
59 13
60 324
61 286
62 209
63 478
64 31
65 396
66 410
67 79
68 223
69 110
70 76
71 252
72 27
73 341
74 141
75 445
76 485
77 32
78 94
79 397
80 249
81 479
82 477
83 134
84 425
85 486
86 213
87 361
88 126
89 106
90 357
91 335
92 450
93 317
94 484
95 183
96 497
97 5
98 323
99 264
100 456
101 293
102 386
103 302
104 11
105 224
106 281
107 278
108 417
109 132
110 156
111 214
112 242
113 160
114 103
115 400
116 133
117 101
118 392
119 187
120 388
121 296
122 125
123 184
124 34
125 441
126 248
127 161
128 414
129 353
130 496
131 86
132 235
133 179
134 482
135 55
136 246
137 219
138 119
139 109
140 344
141 198
142 295
143 261
144 314
145 258
146 321
147 346
148 332
149 495
150 181
151 362
152 174
153 88
154 221
155 175
156 50
157 469
158 290
159 90
160 131
161 229
162 38
163 148
164 105
165 374
166 189
167 9
168 398
169 451
170 498
171 227
172 262
173 305
174 455
175 56
176 204
177 118
178 16
179 80
180 402
181 369
182 212
183 284
184 431
185 430
186 232
187 98
188 454
189 360
190 240
191 60
192 359
193 51
194 287
195 419
196 37
197 122
198 215
199 87
200 328
201 329
202 422
203 377
204 265
205 339
206 228
207 297
208 166
209 205
210 136
211 481
212 462
213 244
214 200
215 277
216 135
217 268
218 47
219 411
220 421
221 466
222 238
223 107
224 91
225 387
226 145
227 100
228 185
229 404
230 358
231 442
232 84
233 194
234 7
235 140
236 448
237 42
238 423
239 153
240 207
241 57
242 155
243 146
244 274
245 150
246 494
247 97
248 355
249 418
250 117
251 210
252 216
253 82
254 394
255 217
256 201
257 186
258 337
259 45
260 310
261 2
262 225
263 19
264 449
265 39
266 326
267 336
268 405
269 432
270 320
271 17
272 292
273 306
274 465
275 25
276 75
277 46
278 3
279 453
280 307
281 342
282 452
283 385
284 81
285 89
286 289
287 255
288 319
289 170
290 182
291 492
292 340
293 10
294 70
295 28
296 271
297 403
298 389
299 68
300 54
301 427
302 40
303 85
304 363
305 408
306 406
307 275
308 188
309 429
310 243
311 318
312 491
313 48
314 437
315 443
316 176
317 236
318 493
319 270
320 33
321 130
322 330
323 480
324 475
325 151
326 343
327 197
328 195
329 415
330 348
331 365
332 129
333 334
334 234
335 378
336 500
337 73
338 459
339 315
340 488
341 233
342 257
343 72
344 218
345 63
346 288
347 173
348 52
349 123
350 206
351 144
352 18
353 416
354 171
355 61
356 294
357 476
358 66
359 391
360 259
361 311
362 426
363 380
364 461
365 273
366 177
367 4
368 254
369 276
370 167
371 499
372 92
373 301
374 352
375 347
376 163
377 446
378 375
379 447
380 62
381 366
382 473
383 285
384 36
385 376
386 381
387 250
388 372
389 152
390 143
391 180
392 114
393 424
394 439
395 96
396 58
397 77
398 139
399 121
400 239
401 15
402 199
403 190
404 6
405 251
406 208
407 282
408 231
409 279
410 399
411 112
412 291
413 458
414 26
415 331
416 489
417 327
418 253
419 43
420 29
421 241
422 149
423 102
424 272
425 165
426 435
427 490
428 303
429 245
430 113
431 154
432 120
433 67
434 349
435 69
436 260
437 263
438 266
439 299
440 409
441 128
442 12
443 433
444 104
445 283
446 203
447 78
448 14
449 308
450 147
451 364
452 247
453 304
454 434
455 471
456 383
457 83
458 124
459 298
460 390
461 345
462 74
463 158
464 373
465 393
466 127
467 412
468 382
469 472
470 138
471 22
472 44
473 338
474 226
475 196
476 367
477 65
478 20
479 159
480 351
481 95
482 413
483 370
484 178
485 464
486 30
487 256
488 401
489 162
490 436
491 313
492 53
493 211
494 237
495 59
496 202
497 474
498 172
499 460
500 137
